25
3 3 3 3 3 3 3 3 3 3 3 3 3 3 3 3 3 3 3 3 3 3 3 3 3
14 20 21
1 8 18
11 15 19
10 13 22
7 8 22
13 20 21
6 8 16
5 6 11
2 5 8
10 20 24
2 5 16
3 7 23
3 17 18
13 16 19
5 6 11
5 22 23
1 22 25
6 8 10
6 16 21
1 2 4
7 12 20
9 17 19
12 19 25
14 16 23
2 22 23
0 -8 5 -2 -7 -7 2 -6 10 -9 -10 -2 3 -5 -4 4 7 7 0 3 -8 0 -5 5 -1
9 2 -3 2 1 -1 -9 9 -6 0 -8 -8 9 2 -3 -3 0 -10 3 -7 -5 5 4 -1
-8 5 10 4 -5 8 -8 0 -10 -7 -3 6 8 0 -8 6 2 -5 9 -7 -7 4 -3
-7 -4 2 9 5 3 -5 6 9 4 -10 6 -6 0 3 -8 6 -6 -8 2 1 -10
-1 7 9 9 10 0 -8 3 -10 5 3 -9 2 4 10 3 10 -2 2 -6 -3
6 7 -9 0 9 10 9 0 4 -1 3 -10 -2 10 -4 2 4 -6 0 2
-6 10 5 -7 -2 -2 -1 -6 7 -8 -1 -8 7 5 -1 -10 -4 9 -1
1 -2 0 -2 7 -6 -3 -6 -3 9 9 -9 10 -5 0 -1 2 10
7 3 3 9 9 2 -6 2 10 2 2 3 4 6 -2 -5 0
-4 -9 4 5 -7 -7 1 -1 -7 4 -6 5 10 -9 6 10
-6 9 -7 3 2 1 -6 -5 -7 -5 -4 -9 5 8 6
2 -5 5 -5 6 5 -3 -6 5 -1 6 10 -8 -6
4 6 1 -4 -3 -5 -6 -9 2 -3 -9 -1 10
5 9 2 -8 -9 -9 10 7 5 -5 2 6
0 5 -1 -7 2 -5 -10 -6 -3 -1 4
-3 -5 9 -1 7 -9 -9 -10 -4 -9
4 -5 3 -10 4 0 2 0 1
10 0 -8 -4 7 -7 3 -5
-4 -7 5 1 7 2 3
6 -5 8 -1 -5 9
7 1 -7 -4 -4
-8 2 6 2
4 10 -10
4 3
2
