25
4 3 9 2 5 7 2 7 7 11 10 8 7 10 10 12 2 11 8 5 11 6 4 2 6
1 7 19 23
1 12 25
6 8 9 11 13 14 18 20 24
4 22
1 4 15 16 21
1 3 9 14 17 20 24
22 24
1 8 13 18 22 23 24
2 4 5 8 15 23 25
3 4 5 6 7 10 13 18 19 22 23
2 6 9 12 13 14 20 21 22 24
1 5 6 15 18 20 22 25
10 11 16 18 19 21 24
4 7 8 10 11 13 18 20 21 23
3 4 5 8 10 11 12 17 21 25
1 4 5 6 7 10 11 13 14 17 23 25
3 8
1 2 5 7 10 12 18 19 20 21 24
3 4 6 10 17 23 24 25
1 2 15 20 23
1 3 5 7 10 14 18 19 21 22 23
3 14 16 17 19 22
2 5 6 21
2 16
1 16 18 21 24 25
5.598649411233838 3.061595364205994 1.9663213763613427 -5.558132803819471 1.0246481741897604 -6.34694107161523 -4.32440945143502 6.166851925531919 -6.089310061387636 5.313312768542147 -7.52216682949819 -3.246126470365727 -1.7600054397936198 -8.73980407354084 3.4965853046274518 0.29095312326167466 6.718669239218865 8.549408782567326 7.000465403595843 9.058571165756387 0.2325649593267638 7.752790825802521 7.540748915519689 1.2711480324651028 -3.4081414207867393
-8.040486170889194 -2.191966723953291 -8.856857427658786 0.3436959125765764 7.5963404870042766 -9.266049259481834 -8.2896812386563 8.217978002068218 -1.9996873343276622 -7.350281258624389 -2.8536148073772916 0.24883821286383068 -7.197327908320519 -9.293218830137025 -8.93840301393361 -0.4397762129683631 -9.576580661304668 -8.016907373501855 -1.478469099761842 -2.96855902506546 4.343223692722201 -4.660275007787973 -9.70205065873682 -0.02055009054199708
5.455671210961533 0.13571328610987266 -3.3782888823306356 -7.587678673254985 -5.648755312668667 4.5120379500625205 4.42612101148352 -5.506473982349595 8.32472483882421 8.405964439843313 3.9423785176986943 1.9295899048220928 -4.929364996634895 4.592030665143147 6.884161201423261 1.4789095531772585 3.8287027560217 -5.021274218557528 -3.9484729744844422 6.013501579428507 -9.339799515742653 8.72557733021861 -4.213009383172912
-2.0674369709406886 -7.322245053135596 2.31140149636383 -7.379828466669465 7.506325489295428 7.249537040840373 -7.562789814981057 -2.9771561335850816 1.129419786677344 8.519257310596853 -9.450888429524296 8.218249635177823 8.412572658337723 9.495730617133173 6.98897637365593 5.7581019201706845 7.404468397299862 -9.96458641297447 -5.272524538007017 -5.154323352923786 -1.1026769189984638 -1.1308357368088586
-4.452872083602153 8.15042557528341 -4.847667724622182 9.529162644172999 -8.98738595539941 -0.2597115004458459 -2.9531326838578487 -9.091617074256664 8.206998017915275 8.584815325097779 5.411559391831302 3.934720363744395 -0.7433110961046179 -4.5735273846718805 -0.30450950296233614 1.3724727801340748 8.88448812841672 9.149252675907046 -5.893654662890546 -4.145994573528949 3.6130331196040437
4.963948394376727 -4.914146577520642 -0.9424392010209264 -4.221571802753141 -4.728095108235579 -6.61800122294415 5.645812275580784 8.649529518732571 -4.000460892431477 2.020279321637652 -2.6458305836587215 9.339752765233271 9.508861827039432 7.406207299311468 7.125519907257043 -7.754366942528945 1.720578212613102 4.646734670744374 -6.934225268248175 -3.5357252454914327
0.20988852462913243 -4.963527375380177 4.623281364462432 -7.006436082027472 -6.59214575940164 -3.540051528617651 0.48114837539758604 2.4533190514673624 -5.381924660957875 8.294988614210723 -8.689158758175164 6.13154845524161 -2.6783247740666027 -1.1985153364969143 -1.8294328619417435 0.11344583186049029 -1.9285935299381762 -9.489818549923557 -8.485457555732099
2.510372156815343 0.6079078455263485 5.341725704497833 -7.433348524294454 7.714963441850713 -8.005160218095606 -0.7996676365222122 -2.5480547539809066 -8.110183826256668 2.883714834748691 0.7851937551836308 8.680967678330724 -3.036733012384916 7.237674327505683 -6.939802015433161 4.437655805713094 -2.5621035400125747 -8.177939427037412
-4.658545016392837 -1.7301522187694278 6.789581149324327 -8.872920650873704 1.2820784780785424 -7.347602134547493 -4.1247383035997025 -6.210468912023874 5.069730936684575 -7.793559415416835 -0.8303196162372828 2.768614938333398 -5.68809251716104 -9.773662471764457 1.0315935999675911 9.14709430994504 -8.368797470293183
4.037795688847369 -7.74410883087902 -5.881983260075532 5.037506449613254 -1.2122032377007326 -5.438265443711227 -9.045481060229816 -1.5927524571698548 8.154201277616469 -9.864740312390738 -3.3501828441500976 -2.803230365827898 -3.395507612912514 7.748341357142131 -8.877763256612432 -9.147299393959623
-2.2809988206191107 8.559037014936315 -7.780482764597911 1.8991316451282643 -0.5138623526753427 -5.175993445121369 5.39918713568451 -6.050979391026772 -2.7466533488825444 8.561543014885306 6.760788204414801 -2.0220033005608418 7.592808715142873 -9.873997173960781 -3.724101417485186
-0.3358394543074752 -2.588412389434862 1.246927662485831 1.1129751567468986 -1.238981583693695 5.946626710116078 5.066017109444932 1.8531895004237384 2.9886175230577923 -3.933839711223479 2.116952060263502 3.992837512382721 -3.7237165387745907 6.474291111765464
4.562262738209723 -1.0192536965431458 2.9868403093570812 -2.585627296447073 -8.247709075705039 -6.003790145456238 -4.289372967744793 0.9299072513556688 -2.2962209286373847 -9.991713543278687 1.6990775901522106 -9.381060775191168 -3.478471263662197
-5.646180766033115 2.4698272811934636 -8.624746175879599 5.980718821610546 9.916874902587583 -9.498234760707454 2.359296425436421 -6.203923545555227 -6.542645872837705 -8.159552751710397 -1.1145783570674777 -1.5862464175849702
5.868427174694375 4.458678154815265 1.0548574776657897 -0.47652286686762935 -8.9737339606448 -9.780826312893115 -1.219189616979591 -5.657110410121781 -9.290423586539935 8.827483969499518 -5.964407059220854
-3.150463402630697 8.402790551225252 -8.509238367127654 -3.447644487937424 8.118016194861156 -3.3361072745088567 -6.383797813729892 2.8823114595460417 1.3105422410849386 9.377638069736864
-3.1658174854352854 -3.8434376801434915 2.2762991040512333 3.788687690021284 4.233424639459248 -7.80073925096964 -6.473430298581904 -2.429056718293783 -1.836029606928264
-6.525074418902744 0.07117663350961045 -9.831516775964717 3.983266865423417 9.715048310780205 0.6947871890456767 8.112252538371347 -0.3682040670666531
-6.514582750040063 3.908092946098435 -3.3190122972514446 -2.1787391853060463 1.5798273325231005 0.24156762950581623 -1.8902852076401029
-3.21796851322945 8.559073485166625 -4.940711264562867 -9.455237286917528 -8.268103768460568 1.2977719405055872
-8.384993690961306 6.297097308003615 -2.858080496729727 1.0232288590885208 1.2709578406040674
-3.1356859745322403 1.122755496558625 8.125009456293288 -6.637933381434651
9.78731152704291 -2.4735352189086157 -0.5753542257540474
-1.132296218269511 -0.5094234555391282
-7.780727525886595
