200
3 3 3 3 3 3 3 3 3 3 3 3 3 3 3 3 3 3 3 3 3 3 3 3 3 3 3 3 3 3 3 3 3 3 3 3 3 3 3 3 3 3 3 3 3 3 3 3 3 3 3 3 3 3 3 3 3 3 3 3 3 3 3 3 3 3 3 3 3 3 3 3 3 3 3 3 3 3 3 3 3 3 3 3 3 3 3 3 3 3 3 3 3 3 3 3 3 3 3 3 3 3 3 3 3 3 3 3 3 3 3 3 3 3 3 3 3 3 3 3 3 3 3 3 3 3 3 3 3 3 3 3 3 3 3 3 3 3 3 3 3 3 3 3 3 3 3 3 3 3 3 3 3 3 3 3 3 3 3 3 3 3 3 3 3 3 3 3 3 3 3 3 3 3 3 3 3 3 3 3 3 3 3 3 3 3 3 3 3 3 3 3 3 3 3 3 3 3 3 3
18 98 139
25 30 190
101 120 200
95 138 176
13 90 158
150 185 193
1 30 52
23 42 155
75 126 142
3 138 153
21 51 85
32 62 177
30 100 104
94 117 199
119 153 195
20 39 123
27 109 152
38 44 111
26 90 152
22 141 153
5 24 112
4 59 174
11 85 87
4 114 147
74 119 157
31 76 110
30 36 48
36 146 183
6 48 59
2 35 71
35 95 130
90 176 183
23 77 101
41 177 192
87 168 171
67 101 177
62 96 192
34 67 98
21 123 195
42 45 127
92 101 158
85 140 164
24 36 146
86 148 149
62 90 188
9 70 101
51 110 148
23 31 65
63 81 118
92 157 189
63 92 93
116 134 194
55 65 129
6 92 108
38 107 190
79 123 145
106 172 188
5 113 197
21 147 191
131 134 136
37 38 65
5 98 199
53 57 63
17 136 154
48 50 65
14 46 61
33 69 98
70 110 113
14 133 181
43 116 174
7 94 175
32 95 199
35 185 193
43 51 182
53 98 142
6 115 130
103 114 184
24 68 131
120 178 194
39 122 186
59 89 180
49 57 183
5 16 110
105 110 200
41 45 128
3 64 105
36 140 175
69 79 110
84 94 100
134 141 160
2 130 146
27 115 176
45 77 171
52 76 160
137 174 182
13 72 96
59 127 151
67 73 143
122 126 178
17 49 178
27 61 77
60 160 200
15 79 144
23 116 123
57 91 177
80 88 141
108 125 150
11 61 196
54 145 161
13 48 175
111 132 158
65 138 179
20 116 133
96 115 154
87 136 157
17 134 159
65 166 198
140 157 164
88 108 161
40 68 131
114 141 150
3 167 191
30 141 156
58 61 173
77 131 158
6 36 183
102 144 179
37 44 92
14 114 196
89 162 163
6 164 179
49 125 170
73 83 155
73 83 177
15 25 176
7 86 177
73 167 186
42 66 120
62 187 190
72 84 199
13 110 197
25 26 58
81 168 199
3 26 102
9 27 81
46 121 148
29 52 140
62 99 148
120 156 189
5 175 179
48 106 141
78 82 129
6 16 130
5 13 126
3 8 10
39 64 97
1 63 87
1 51 123
45 72 162
36 43 53
26 34 84
68 109 139
17 135 165
21 50 122
9 12 19
60 115 179
47 114 128
14 45 134
123 135 173
2 93 130
23 59 76
8 42 108
104 105 111
144 165 175
28 171 182
41 56 99
89 168 170
58 66 113
4 6 59
46 150 175
40 77 125
17 67 100
28 71 112
33 45 72
45 69 181
75 124 164
47 49 176
58 74 152
7 127 151
10 170 173
7 135 187
59 96 103
116 139 145
29 42 188
81 137 197
137 187 193
119 169 194
7 52 163
17 135 141
167 195 196
-4 -8 -9 -8 5 -10 1 4 -2 4 7 -3 -8 -8 1 8 -10 -10 -6 -7 -2 8 -3 3 3 -9 -8 3 7 -8 -3 -6 -10 9 3 -4 7 3 -4 9 8 -7 2 5 6 -3 -3 8 -4 1 1 0 10 -8 -1 2 -1 9 3 -8 3 9 5 1 -10 -10 -1 0 -9 5 5 0 -9 1 -5 -3 7 -10 1 -1 -4 1 9 10 -5 6 5 -8 -6 -4 -9 10 2 4 -8 -9 -7 7 5 -6 -8 7 -10 4 7 -9 2 -4 -1 -4 -9 3 -3 -10 6 -6 10 5 -5 -4 2 -6 -6 -9 0 7 10 7 -3 -6 -7 3 0 -10 7 10 0 -9 8 8 2 1 4 0 9 2 4 2 6 8 0 -5 1 6 -1 -4 4 -2 -2 -2 4 -10 -4 10 4 -6 -2 9 4 -3 -7 10 10 0 3 5 -3 5 10 10 10 -8 10 -6 4 5 -5 -9 6 -6 -3 -5 0 9 -2 -6 -1 7 -5 9
-9 -9 -6 8 -1 -7 -9 3 7 2 10 -8 7 6 -8 9 7 -1 -7 -10 -9 2 3 0 -4 9 10 9 9 -5 -7 6 6 3 0 0 -5 -9 5 10 -4 -3 -9 3 10 -6 0 -1 5 6 7 -2 -1 8 7 2 9 -10 -10 9 3 -9 -1 0 6 -2 4 1 -1 -10 8 -10 0 -3 7 10 8 3 6 5 -1 9 -8 -7 0 10 -4 -10 -8 10 0 10 -8 5 -10 2 -2 -8 -7 6 -5 -8 1 -7 6 -1 -5 -9 -6 -2 -1 -5 -4 1 -10 8 7 -6 -9 5 2 -8 -7 2 -6 -1 -6 2 -10 -3 3 -10 9 10 -10 -1 1 9 7 2 -4 -1 -2 5 6 -9 -6 1 -6 6 0 -8 1 9 -3 6 -8 10 4 6 4 4 -10 4 1 3 -7 -8 -5 6 -2 10 5 9 -1 6 0 10 2 7 -5 5 5 4 7 3 -1 8 -9 -8 3 9 -10 0 0 6 5 -4 -10
-2 -8 4 4 3 -10 -4 -9 6 -10 -8 -3 -2 4 3 -5 -8 -4 5 2 1 10 2 -5 -7 -10 5 1 -8 7 -6 7 1 7 -1 3 -6 -10 10 -7 8 -5 -3 7 -4 9 -2 6 6 -6 -10 7 -7 4 3 2 2 9 -4 -1 4 -9 10 -5 3 -5 -7 2 -6 -6 -3 -8 9 -9 -4 6 4 -10 5 -4 10 -10 9 7 9 2 7 -2 4 9 -8 -3 6 -4 8 -1 5 4 -1 1 3 -1 5 -3 -1 10 1 -4 -9 0 4 1 -7 -3 6 6 9 3 7 7 6 -4 8 -9 5 0 7 -3 0 10 0 9 -1 -10 0 4 -4 2 8 10 9 -5 -5 -3 1 9 -7 -9 2 -2 2 -3 -10 -4 -2 -8 2 1 4 -9 2 -9 -2 7 -7 -9 0 -7 -1 3 10 2 8 10 -2 5 5 -4 -10 5 -6 -7 -4 8 4 1 4 8 -10 -5 -4 7 1 1 -9 8 0 -6
-1 2 -9 4 5 10 6 -9 -4 10 -4 -10 7 7 -8 -1 -9 -6 3 7 6 -8 0 9 -8 -8 10 -8 10 -7 -4 -6 -3 2 -8 6 -4 -8 -3 -1 -4 -3 10 -4 -6 1 -3 0 9 7 10 -8 9 -6 6 -4 9 -8 -7 5 6 3 1 7 9 -6 -7 10 -5 -8 3 -10 10 -10 1 -2 -6 -2 1 9 3 3 2 -1 -9 5 9 10 1 -3 4 6 -9 -7 -10 -1 -7 9 -6 -3 7 -6 -9 -10 -10 -9 -6 7 6 3 8 4 -7 -5 0 7 10 -10 -8 -5 -5 0 -1 -5 9 4 -10 -8 -6 8 -8 -3 5 5 4 10 -10 3 7 -5 6 -9 -7 -4 9 6 4 9 1 2 7 -4 -3 1 1 6 3 -9 10 8 3 -9 8 7 -7 4 -3 -4 -8 -6 -4 1 2 -1 2 -9 8 -7 2 4 -2 -9 -7 -5 -6 5 -2 -7 -5 4 10 -4 -4 -8 8 -3 -3
0 3 -2 -6 7 9 -7 -9 4 -3 6 5 0 3 6 3 7 0 0 4 4 -3 7 -9 -1 -3 6 10 -3 -2 -4 -4 -2 3 4 -10 3 10 5 10 9 10 -9 7 7 -4 9 -8 -1 6 4 10 9 -3 5 -3 1 6 -8 0 3 8 4 -5 -8 0 -9 -10 0 -4 3 -2 -4 3 -9 8 -6 7 7 1 -7 3 -7 -2 -5 5 -10 8 10 -5 -4 5 -8 -6 6 -2 10 -8 -7 7 5 -10 10 5 0 4 -9 4 10 3 0 -2 3 1 9 0 -2 4 -2 9 -3 -6 4 -4 6 5 7 9 2 -1 -7 -8 -3 9 -5 5 -1 -8 9 -6 -5 4 1 1 10 -3 10 -7 -1 -3 -5 -6 -4 -8 9 -5 9 10 -1 -1 0 -2 -7 -3 10 6 -4 5 -9 -2 7 9 -7 -6 5 9 6 8 2 -4 10 7 6 6 0 -2 4 9 6 -9 -7 10 10 -3 1 10
8 -3 4 -9 -2 -9 8 -7 -8 1 7 -2 -1 3 -8 1 -7 0 -8 -1 -5 -9 8 -8 3 -3 -2 -4 4 10 4 6 6 -10 5 6 0 9 -10 -4 2 -6 5 2 -2 -10 9 -10 5 -4 -9 -8 -10 4 1 -7 3 2 3 0 -4 -3 -9 8 10 8 8 1 5 -3 -8 -10 7 -1 -8 6 9 -2 9 5 -3 -9 -6 7 7 -10 -5 -3 8 7 -6 0 9 0 -4 2 3 6 -2 7 0 -4 -8 -10 -6 -7 3 0 -10 3 -5 7 -8 3 10 8 6 7 -6 -9 3 8 6 3 -9 8 5 9 -10 7 6 -6 8 7 0 5 10 9 10 -10 -4 0 10 -5 -5 2 5 8 10 -5 9 8 -8 1 -10 -4 3 -2 1 10 4 5 -5 7 -3 -8 0 0 -3 -8 2 7 0 9 7 -5 1 -8 7 -1 -2 -2 -9 -6 -7 2 -3 -6 2 5 7 -5 0 6 -9
-5 4 -6 -5 -4 6 9 -2 -9 -10 -10 1 -4 0 -7 -6 3 -10 0 3 9 2 9 1 3 9 -4 2 5 -3 -3 -4 3 2 -9 9 4 -2 8 -4 -9 3 -6 8 -8 -4 -2 8 3 6 -2 6 -7 -2 -1 -8 3 -6 9 4 -2 -1 -2 -7 9 -1 5 10 -7 0 8 5 -1 -2 6 -2 -9 3 7 0 9 10 8 9 -3 7 7 -10 -5 8 6 -6 4 0 -2 3 5 10 -2 -8 1 0 -6 -5 10 -6 6 6 5 -7 -2 3 5 -2 9 8 -2 3 -3 6 -2 4 5 2 -7 7 5 10 -1 6 3 3 10 8 -1 1 1 7 -5 2 -2 -1 5 -9 -3 -6 5 -10 7 -2 7 9 -8 9 0 2 5 -10 -1 -2 -5 -7 1 10 -7 -4 5 8 10 7 7 4 10 5 -6 -2 -2 -5 -5 0 -7 10 5 9 -2 1 1 7 10 -6 2 1 -7 -7
-1 -7 -3 0 -4 1 6 2 -3 8 -3 1 6 8 5 2 -8 -6 9 3 7 -10 -1 10 -9 6 5 -5 9 -10 9 5 -10 6 -3 -8 5 3 -8 10 -4 -2 10 -7 -1 -2 -1 10 -4 -1 -4 -2 1 3 0 -9 -3 -9 8 10 -10 3 10 -9 -10 0 5 -10 -7 9 6 2 2 -6 0 6 -10 1 -10 -2 -3 -6 -3 -6 -1 10 1 -3 3 -3 9 -9 2 5 5 5 1 6 6 -6 10 1 -5 -5 -10 -10 4 3 -7 3 -9 -9 -10 -5 -1 5 5 -2 -6 -8 9 1 -4 0 2 -3 6 -4 3 2 -3 3 9 -2 3 6 4 10 -5 -9 -9 4 8 8 10 1 -10 -9 8 6 9 -9 -4 -7 5 9 10 -2 1 10 8 -4 1 -5 -6 2 4 10 0 -9 7 -1 -3 10 -1 -4 2 -10 2 -9 -6 -6 4 -9 6 5 -7 7 -3 9 -5 -2 5
1 3 -3 -9 8 8 -9 -4 3 -5 0 9 2 -2 4 -4 7 -8 -8 2 -8 6 -10 7 1 -8 -7 -7 -4 9 4 6 -5 -5 6 -7 5 -2 -9 5 6 6 5 5 4 -2 0 10 0 5 8 0 3 -7 10 -6 10 -6 -8 -8 -1 -1 6 5 0 9 8 5 -9 -10 2 -6 9 8 -6 -8 3 -1 -2 10 -4 7 6 -7 -2 0 9 3 9 -7 2 2 3 2 -4 3 -4 1 3 2 -9 0 9 6 -7 -2 10 -6 7 10 -3 -3 6 -3 -3 0 10 -4 7 -5 0 5 -9 -4 -10 -3 8 0 5 7 -6 10 -1 -5 7 -1 7 0 -9 8 4 -3 -7 10 -2 8 -4 3 6 7 5 -1 -7 9 1 0 0 -5 -9 7 -4 -1 -10 6 5 3 -3 -5 6 0 -10 -1 7 -5 4 6 2 0 -1 4 -2 5 10 -5 -9 5 6 -2 0 4 -9 6
-2 -6 10 -10 -6 -9 8 10 -3 9 -5 2 -10 -6 1 1 -8 -5 5 6 9 -10 -7 -2 -3 5 -2 9 4 -5 5 -6 -10 3 5 6 -1 6 -9 4 1 1 -4 -3 -5 1 -4 -7 10 -8 6 -9 -8 8 -7 10 2 -2 4 10 1 3 1 5 6 10 9 1 -10 -7 10 4 -8 1 7 -8 1 -4 -8 1 -7 1 -8 -1 1 0 -10 -3 8 -3 4 -5 -10 7 -5 -1 4 2 -10 -9 -7 4 9 1 4 1 5 1 -5 -3 9 6 9 -7 10 7 -10 -2 10 -8 9 7 -8 10 -9 -6 6 2 -4 -3 5 9 10 5 4 2 -10 -6 -3 -10 6 0 -1 -4 -10 -2 -10 9 4 -1 2 -5 -4 10 3 6 2 8 -1 -1 0 -10 5 8 1 6 3 -7 -1 5 6 -8 -4 5 7 8 -3 7 -7 -3 1 2 -2 2 -5 -3 7 -6 -9 6 -6
-1 -1 6 9 -8 -1 2 2 -8 1 -1 1 -9 9 7 -5 -6 0 4 -3 6 2 -7 -8 1 3 10 1 -9 5 1 -8 2 -9 -3 -6 -5 -10 -3 1 4 -4 6 9 -3 5 10 -7 -9 5 -5 5 7 5 4 -6 0 6 5 9 -10 -1 -5 1 -7 5 6 -3 3 -1 -2 -9 -10 -1 -3 -8 0 6 -4 7 7 -7 6 -8 -2 -4 4 -3 6 10 5 -1 -3 -4 10 5 5 10 -1 0 8 -2 1 5 -10 -5 -9 2 3 7 7 -4 3 -4 -3 -8 9 8 -9 -4 -10 6 -10 -4 7 5 5 2 -4 -8 -4 5 1 -9 10 10 -2 3 0 -8 1 9 -3 9 -7 3 -5 -2 8 -4 1 -6 -3 -7 -6 7 -9 -8 5 1 5 3 9 -6 10 -2 2 7 8 2 3 9 3 5 -1 -7 -2 -4 -10 -8 -7 -1 -7 10 -8 4 4 -5 9 -7
-4 2 2 -8 -2 6 -7 -10 0 -4 2 2 0 7 -1 5 4 8 1 5 5 4 -10 -7 7 6 -8 -4 -10 -1 10 5 7 5 -3 -4 -5 3 9 -6 0 0 -10 2 10 5 2 10 -2 -7 -4 5 -9 -8 10 4 9 8 -6 7 6 -4 7 -5 -7 -1 8 -5 -10 -10 -4 10 -1 4 10 7 2 -10 -9 -1 8 -2 1 -10 -1 -5 -9 8 2 -8 -6 3 -10 -4 -9 7 9 -2 -7 9 -7 0 0 -7 3 10 0 -6 4 7 -10 -6 -3 -2 -1 -2 -2 4 -2 -1 10 9 5 4 10 -4 -8 10 7 1 -6 -9 5 1 -7 10 2 -5 1 5 0 8 8 2 -2 -9 8 -2 -2 -10 6 5 1 10 9 8 0 2 8 3 -10 5 -1 0 -7 -6 3 -9 -1 8 -3 9 5 -7 -7 0 -6 3 4 -6 -2 -10 -10 3 -9 -10 -7 -8 2
4 5 6 -6 5 -3 -7 6 -8 3 -3 -9 -10 4 -9 2 -6 6 10 7 10 -6 5 -10 9 -2 6 6 6 4 -5 9 -1 6 -10 -1 2 -4 -2 -4 0 -2 10 6 -10 -9 2 -4 -7 -10 -2 2 9 6 -9 -8 7 0 5 -5 5 5 -5 -7 6 7 3 -5 6 -9 -7 2 1 -3 -6 7 -6 -7 -8 6 -9 3 3 0 5 -2 0 10 -2 -3 -9 1 4 5 4 7 -3 2 3 0 10 -2 -3 4 5 7 0 -6 9 -2 -6 -2 9 2 -5 6 5 4 -4 -10 9 -7 0 5 -8 -7 2 1 -4 0 0 8 -3 -2 -2 3 -9 5 -9 6 -2 -5 10 -1 0 -4 4 3 5 2 0 0 -8 7 8 5 -3 3 3 -8 -4 2 -6 2 7 -9 -4 -2 -8 8 6 -5 -5 3 -10 3 -5 -8 -4 7 -3 -2 -4 5 0 -2 -8 2
4 -2 -3 -7 5 -9 -5 3 10 -3 2 6 -3 2 1 -7 -4 -1 -6 6 2 6 3 4 -7 4 7 1 -8 -1 2 8 -1 -4 -8 3 -6 -10 -1 5 6 -4 6 10 -1 0 -6 9 -4 7 9 2 6 0 -7 8 9 3 8 10 4 -10 -7 -5 1 2 8 -5 8 -9 -8 10 3 -6 1 4 10 -2 4 9 -10 4 -5 1 5 8 0 8 0 10 -8 -2 9 2 7 5 9 -5 -1 6 -7 7 -2 5 -9 -1 -1 10 8 -2 -10 -5 -3 2 1 -7 -8 8 -10 4 10 2 -7 4 -8 -6 8 -1 -2 -8 -3 6 -10 -8 10 7 -3 -4 6 -2 -2 -3 9 5 5 -4 -5 -8 10 -4 2 -10 6 0 3 4 -8 1 -7 -1 9 9 -6 -6 -1 -2 5 0 -8 8 -4 4 8 -7 -7 -3 9 -3 -2 7 -10 9 10 1 -5 -4 -3
10 8 2 8 -7 -2 7 1 2 -9 1 -9 1 4 -7 7 -8 1 1 8 -4 -10 -8 -1 8 7 -5 6 -10 -1 5 -7 5 -7 7 3 5 -9 -5 3 4 -3 3 0 5 4 -5 1 -5 -2 4 6 9 6 -1 10 2 -9 5 9 7 -8 -4 4 0 10 8 -9 -5 1 -9 -5 1 8 5 -3 -1 -10 -6 -10 8 -7 -4 -8 -5 10 -1 4 -1 -1 -7 3 -7 6 -5 -10 -10 -4 4 -5 3 -4 -6 -5 -7 -7 -6 0 -10 3 1 -4 -10 10 -5 7 1 0 3 3 7 0 -2 -2 0 5 1 -7 -10 7 7 10 2 2 -9 2 -6 -2 1 3 8 -1 5 9 -2 -8 -2 5 -2 7 8 9 -3 -5 -7 -3 3 4 10 -1 -3 1 9 2 -7 9 5 5 0 -2 -2 -8 5 -5 9 -6 -4 2 -4 5 7 -6 -1 9 3 6
-4 -5 8 -8 4 -10 6 9 -6 0 4 5 4 10 -5 -1 10 7 -8 -7 4 8 -2 1 -9 3 -5 -4 -8 8 5 7 2 6 -4 1 9 -4 8 10 2 9 -5 2 -3 -6 -7 8 -7 3 5 -10 9 -1 -1 -6 -5 -6 9 5 -5 -9 1 7 -7 5 -2 -8 -2 -3 -1 4 -1 2 -1 -1 -7 -8 -2 -3 -8 3 -10 -2 -9 -10 0 7 6 10 -1 -7 -1 -6 5 -3 8 -2 -7 9 9 -6 9 8 -1 -7 1 -1 10 -9 4 -6 -2 -7 2 -3 -2 7 10 8 -7 1 0 -5 0 4 4 5 2 0 -8 -8 5 4 5 3 -10 -10 7 -4 1 -1 7 -5 -5 9 2 6 9 -6 -9 -8 -2 -10 4 -2 -6 -6 10 7 1 -7 4 4 -1 7 -7 5 9 -9 9 -1 5 -5 0 8 5 3 3 -8 10 5 2 4 5
-7 -9 0 5 1 -8 7 0 3 5 4 -10 -2 0 4 -3 8 9 7 8 5 -3 -8 3 -3 -6 1 -1 1 3 -7 4 0 -9 -4 -2 -10 -6 5 6 3 7 -4 -8 10 4 10 7 2 -3 3 0 -5 -8 -8 5 -10 -8 6 -1 6 -2 -5 7 6 -7 -9 8 2 -2 7 -5 -10 6 -7 0 -6 -6 -9 2 6 -5 4 -1 -6 -2 9 -10 -6 -2 -2 -4 -8 -7 6 -8 9 -10 1 7 -1 9 -4 7 5 9 -3 1 8 -1 -9 -10 -8 3 5 -3 6 2 10 4 8 -5 -2 9 6 10 8 -2 2 8 -10 5 -2 9 -8 5 2 -4 -7 10 -2 0 8 -3 6 -6 1 -8 -2 8 8 4 4 7 -10 3 5 0 -7 0 -4 -5 -5 -6 -5 2 -7 6 2 -10 4 -10 -7 3 -7 -2 10 -9 2 7 4 3 -3 -1
7 -1 -7 -2 3 1 -10 3 -5 -6 4 4 3 -5 7 -6 -6 5 -10 -3 9 4 2 -4 8 0 5 5 5 1 -3 -10 8 -3 7 -6 -1 -5 -9 -10 -2 -10 -10 2 -8 -5 9 8 1 -10 -6 9 -8 -1 -7 5 6 -5 -3 -4 -4 -3 -4 -3 -8 -4 6 5 1 -8 -1 -5 2 -4 10 -7 -9 4 8 6 -3 -5 4 5 6 -4 5 10 -6 10 -6 -8 -10 1 -5 -3 3 2 7 3 3 -8 -2 3 -6 -1 -8 -7 -1 -6 3 -9 -2 1 -4 7 10 9 3 5 3 5 -6 -5 -7 -4 -5 -1 2 3 10 -4 8 6 -4 -2 -7 2 10 -2 -10 7 -4 -6 -5 7 8 3 6 7 4 -5 -2 2 0 -10 6 3 -3 8 3 0 -6 -10 4 -2 -3 -6 10 7 10 -1 2 8 3 -5 -10 6 -6 -9 -9 -8 -9
-8 -9 0 -8 -1 10 -4 1 -10 2 9 -9 4 -9 3 -2 5 5 -10 -5 -8 -5 0 0 -9 6 -2 4 -2 9 -8 0 -2 4 -8 -10 -3 -10 6 1 4 -1 -9 -6 2 1 0 4 -3 7 -4 -6 1 5 8 -6 -6 -7 6 1 -9 -5 2 1 -2 0 10 6 -8 3 0 0 9 -7 9 2 -9 -5 -9 1 -9 7 0 6 -2 5 -4 5 -9 -3 3 8 -6 9 -6 8 4 1 -7 -7 -8 -5 -8 -10 2 6 -1 10 -3 9 -9 2 9 -6 -3 1 -10 8 1 -7 1 8 2 2 -4 9 -1 7 -5 9 -7 -8 -9 -10 -4 -8 -6 -10 10 4 -3 -2 -3 9 -3 5 4 4 -6 -9 -9 4 8 -2 1 3 -9 6 -6 6 0 9 -7 9 -7 9 -2 8 5 7 6 2 -5 10 -4 -5 -10 6 0 -7 -2 1
3 -8 -7 -9 -7 -7 -6 -8 10 -10 6 10 -4 -5 3 -4 -3 -10 -2 -9 6 -2 -2 -8 -9 9 2 4 10 -9 0 -5 2 2 -4 3 1 -1 -6 10 4 -6 10 0 -4 -2 -4 10 -4 -9 -7 -1 -9 -1 -1 -8 -1 4 7 10 1 8 2 -9 3 2 5 -4 -10 -10 1 -3 -4 10 3 -1 5 3 -7 4 -6 -6 7 -5 -1 -8 -10 -7 5 6 0 -2 0 3 5 -7 9 5 -4 10 5 5 -9 -2 -4 -7 -7 -4 -7 0 -4 5 -9 7 3 -3 5 8 2 -7 2 -4 -2 5 0 -5 5 2 8 8 2 -6 5 4 10 3 8 4 6 4 -6 -3 -5 -1 -8 -7 9 4 9 -3 8 8 -4 -9 0 -7 7 -9 -8 1 7 -7 -4 -1 -6 -5 10 -2 -6 10 9 10 -9 10 10 4 8 2 9 -1 -10
9 -6 10 -1 -3 -5 -8 2 -7 -2 7 2 5 -2 -5 1 -5 -6 4 3 -3 5 -2 -2 -7 -10 -6 0 -10 -3 8 -5 0 4 0 1 -4 -4 9 -6 4 3 2 3 -4 -2 -5 9 3 10 3 0 -8 7 -5 -1 3 -10 6 0 -3 0 3 9 -8 1 -2 9 -9 0 -8 -4 0 10 -3 -3 1 6 4 2 -2 3 1 6 -5 -5 1 9 6 7 5 9 4 -7 -4 10 6 -10 5 6 0 -7 3 6 0 -10 -8 10 -8 9 -4 2 4 -10 0 2 -1 -7 -3 -1 -4 -9 -7 -7 6 4 -8 5 -9 2 5 -10 1 4 6 -5 4 0 1 -9 -8 6 -6 10 3 3 8 8 -2 -5 -10 5 -5 5 9 1 3 -9 8 -7 -10 6 5 8 -7 -7 8 -6 4 -2 4 -8 -10 7 6 2 -10 6 8 -2
0 -8 6 6 2 -8 2 -10 10 -5 -6 7 -5 -10 7 5 -9 7 1 10 -9 6 5 -9 4 3 -3 -10 -8 5 0 4 -3 4 10 -5 2 2 -9 -6 8 6 3 -10 -5 8 -4 -1 7 -9 -10 -1 -7 5 -9 -9 -2 -5 10 -5 -9 7 -2 -8 7 5 2 -9 -5 9 -9 -3 4 7 10 2 -3 6 7 -2 -2 0 -2 -10 1 -9 3 0 3 -3 8 -2 9 -2 -8 2 -7 -9 -4 3 -8 -4 0 0 10 3 2 -1 10 0 1 1 -7 6 -2 1 5 0 -5 5 6 9 -5 6 5 -9 -2 2 3 2 1 4 -2 -7 6 0 -4 -10 -8 10 5 -3 -1 -9 0 7 0 6 10 10 1 7 5 -3 -6 -5 -5 -2 5 3 7 4 -7 -7 7 -7 -9 -5 6 -5 4 2 0 -8 2 6 -2 -5 -2
10 -8 5 6 9 6 -1 2 -9 -3 10 1 -6 -1 5 10 4 -3 3 4 5 -2 8 -5 -7 7 -1 -9 6 7 8 6 -6 -2 -3 -10 -1 10 5 -10 6 4 -5 -5 5 -8 -5 6 7 -2 6 -6 -6 -2 -10 3 1 4 8 -10 1 1 5 -2 -8 4 -7 2 -8 -5 3 -4 -9 -1 -8 0 5 -5 3 1 6 -8 -4 3 -9 5 8 -4 6 -9 7 1 1 -1 6 0 -10 -9 -3 9 -10 6 5 -3 -6 3 -4 -7 -3 -1 -9 -4 -7 2 6 -7 -5 -5 1 5 3 5 -1 2 -6 0 9 -10 -8 -9 3 0 -4 5 5 -4 -1 1 8 6 -7 9 6 3 5 -8 7 5 -8 -10 -7 4 7 -10 7 -10 -8 -7 0 7 -9 0 -5 9 -10 9 -7 -6 2 -8 8 -9 -2 7 -5 -5 -5 8
-4 -5 8 4 -6 5 8 -9 -7 -4 -8 -8 2 4 -7 -9 10 -6 10 3 1 7 5 3 -9 -2 10 4 3 1 -8 6 -5 -10 6 8 2 -7 -7 5 5 9 2 -5 6 6 3 10 -10 5 -8 7 1 -10 -5 -1 -8 0 -1 5 -2 8 5 -6 -9 -4 -5 9 -1 0 -10 -2 8 9 -3 -4 3 -7 3 6 4 -8 3 6 -10 7 -5 -3 -9 9 -7 -5 -5 10 4 -4 -3 -3 5 2 -5 10 0 5 7 4 -2 -8 8 7 -1 -9 -1 5 10 4 -2 -2 7 10 -1 7 -8 -7 -8 -1 -6 -3 -8 -7 -6 -5 -1 9 8 -9 9 -5 9 4 -10 8 -7 8 9 -5 -2 -1 -2 -1 1 4 -3 -3 9 2 5 3 5 -9 -9 -2 -6 9 6 -10 -5 3 7 4 8 6 -5 3 5 -8 6
5 3 9 1 -8 10 2 1 -1 8 -2 4 -3 5 -4 8 4 9 -8 4 0 -6 -2 2 -3 -1 1 -5 -9 -2 7 9 8 8 -2 10 -3 2 0 -6 -8 1 -7 -5 6 10 -5 -2 -3 -4 6 -3 -6 -4 7 -7 -6 10 -3 5 5 7 -3 5 4 9 -10 -4 -10 -8 9 -6 1 4 8 10 -5 8 10 4 -7 -1 -9 4 9 5 8 0 5 5 -5 -7 -6 -8 -5 -8 7 9 2 1 -1 10 10 -3 -9 7 10 8 9 6 -9 -8 -7 2 -3 -9 7 -4 9 -2 5 -7 6 -1 9 7 8 1 -5 9 4 8 -7 -7 -10 -10 -3 6 4 7 8 3 10 7 -5 -1 6 -7 4 -5 -8 -6 2 -2 4 -7 -4 -6 9 2 -3 6 -8 0 -7 -2 3 -1 -9 -3 10 -8 -2 -8 -1 0
-1 -4 0 5 0 7 0 -4 5 -10 -4 -2 4 -2 7 9 10 -5 2 1 8 -1 1 7 -3 -10 -9 -2 -4 -6 3 5 1 -4 7 -6 -6 -5 -8 3 -4 -1 -1 5 1 -4 -7 3 -10 -1 3 -3 2 10 2 3 -3 5 3 -10 3 10 -10 7 9 -4 -4 -7 -7 -5 8 5 -7 -8 0 4 3 1 -8 1 -6 -3 -4 9 9 4 0 -2 2 3 2 2 -4 -1 4 7 -4 2 -10 -4 -7 1 8 -10 4 10 -7 3 -1 7 9 -3 4 -10 0 6 3 0 -10 1 4 0 -6 3 -10 8 -6 -2 -10 -4 -7 -4 -2 7 -10 -10 -10 6 2 10 -4 8 -5 7 5 10 10 10 1 0 5 -8 0 -8 8 3 -8 2 3 -7 -6 2 0 1 0 -5 4 2 -10 7 2 6 -8 4 1
5 -9 -2 -8 1 -8 8 -2 10 -4 0 -1 7 9 10 -8 0 -10 -8 -1 4 5 -8 6 6 -9 7 -10 10 -7 0 -9 10 4 7 3 1 5 10 10 8 1 1 7 -10 -2 2 9 1 -10 7 -8 0 -2 -2 -10 -10 8 -2 5 -4 9 -8 5 4 0 -8 -8 4 -5 -8 10 -10 -10 -1 -2 5 -6 -10 9 -2 3 0 2 2 -5 8 -5 9 -9 -6 1 4 -6 -3 -4 -8 9 -10 -7 1 10 8 2 7 -3 8 0 -9 3 10 -3 -10 -2 -5 10 4 10 -8 5 2 9 10 -10 2 0 8 6 8 4 -10 8 1 4 -7 -3 9 10 -2 -9 5 5 4 -3 0 -6 5 4 -1 10 9 10 -8 -10 10 -9 -2 8 -2 -6 -7 -4 -3 -1 5 3 5 9 4 3 -3 9 -9 3
0 1 7 -8 5 -1 1 6 -3 5 2 9 0 10 -3 -5 -9 1 2 8 5 10 5 10 10 -6 -5 -10 8 3 -4 -1 -5 0 -4 -8 1 3 -4 -3 -6 10 7 -2 -1 -5 1 4 -7 -9 -8 -4 9 -10 -5 9 -7 7 5 7 -4 2 6 -5 5 -7 8 10 10 1 -10 -3 8 -8 -1 9 -3 -8 10 -9 -2 -6 3 4 -3 -7 7 5 -10 2 2 6 10 5 5 -8 -5 3 -10 -3 -5 -3 -9 -10 -7 0 -7 -7 9 -1 -1 -2 4 1 10 -1 -1 3 -6 -2 -4 7 -6 9 -2 10 -10 -1 -6 6 -5 -4 5 -8 -4 8 -5 -9 3 5 -7 -4 -6 6 10 -1 8 -4 -1 2 6 -7 -3 5 9 -1 -3 -10 10 -5 0 -2 8 -9 -4 -5 3 10 -5 -1 1 0 -10
3 -9 2 -1 9 10 -7 -10 10 -6 2 -2 -6 -6 2 -1 2 -3 3 -1 10 6 -10 7 -5 4 10 8 9 8 10 -6 2 -7 10 -6 9 3 -2 -4 3 -2 2 -6 -10 5 1 -2 5 6 -5 5 -9 0 -6 -4 4 -9 2 9 6 0 -8 1 9 0 -4 3 8 -10 2 9 -4 0 -3 -10 7 -9 -9 9 -3 7 -6 9 7 3 8 4 5 -1 5 5 -1 -5 -8 -1 -7 -2 10 -6 6 -1 9 10 4 6 6 5 7 -3 10 1 -3 1 -7 -8 -7 6 -4 -10 -10 8 10 9 7 5 -3 10 5 -3 8 4 -3 10 -2 -10 2 5 1 -8 -2 9 -2 9 0 -6 0 -9 -8 9 1 -9 -5 4 -7 3 7 -6 0 4 -4 8 5 5 6 10 6 -2 -9 5 -7 3
-1 6 9 -7 -3 10 5 -8 3 5 8 3 0 -2 0 -2 -8 10 -8 8 4 9 -10 6 7 3 0 2 -4 3 0 2 2 10 9 -7 4 -5 -8 -7 10 10 -5 -8 1 1 -2 -5 -6 0 -1 -2 5 4 -6 -9 -3 -2 -4 -4 3 3 8 -7 -2 -3 -7 -6 8 0 8 -8 10 -7 -9 -9 -9 7 7 7 6 1 -3 5 1 1 -6 -9 9 -6 10 6 -7 -1 4 9 -8 1 10 0 5 -9 8 -4 3 -9 7 -9 9 -10 1 -9 8 4 -4 3 -5 6 3 -8 -10 -5 7 0 -10 7 -7 -7 10 8 1 7 -5 0 -8 -7 -7 -6 7 7 -7 -10 5 -3 1 5 -7 -5 -8 -1 1 -8 7 -2 8 3 6 9 8 1 -6 -4 -5 6 8 10 -8 -9 7 -8 -7
2 -7 -8 2 10 -3 1 5 6 7 -7 -4 3 10 2 2 -5 -1 6 -10 -1 0 -6 0 -5 10 -7 7 -9 -5 2 9 -8 -8 -4 -5 3 8 -6 1 2 -2 -5 -9 6 -10 4 7 1 -1 -4 -2 -8 4 -4 -7 -6 3 1 6 10 -6 2 7 7 -3 -1 4 8 7 0 -8 -8 8 3 5 5 3 5 -3 -9 -3 10 -4 -1 -3 2 -5 -7 2 -7 6 -1 -6 -6 3 -9 -3 10 -7 5 2 10 3 9 -3 -10 -8 9 -8 -10 5 10 5 6 -9 8 7 -1 -4 5 10 -8 6 8 7 7 8 5 0 2 6 3 -9 -9 1 3 10 -6 4 3 0 -2 -1 -2 9 -8 -1 -5 1 8 3 -5 9 5 -9 8 5 -4 -6 -9 -8 5 -6 4 7 -10 10 9 8
8 8 4 -4 -6 -1 3 7 -1 -4 4 9 6 3 -2 10 -2 -8 8 0 9 5 9 -2 6 6 -3 5 2 -7 0 10 -4 3 -6 3 8 -7 0 4 8 -3 8 5 -4 0 2 5 9 -4 0 1 9 4 -6 0 7 6 -5 -8 -6 -5 10 -10 -3 -8 -3 -10 -2 6 10 0 -5 2 0 -7 9 1 -2 9 -6 -9 1 -10 -4 5 -10 5 4 -6 5 -5 6 -9 -6 2 -4 -7 -4 4 -1 1 1 10 0 -6 1 -10 8 -2 5 5 2 -7 0 -10 3 7 3 5 8 -1 10 -9 6 -2 0 -3 8 9 7 -9 -8 -9 -8 -5 3 1 -2 4 3 -3 -8 5 10 10 6 1 -3 2 4 -9 -4 6 4 6 1 3 -8 4 7 -4 -6 10 -8 9 4 -2 -1
-1 8 -8 10 -6 -8 -4 -10 -1 3 2 -5 -5 4 -10 8 -1 -4 6 -3 4 0 -8 1 -7 -7 -2 -5 8 6 -6 -3 -2 -10 4 7 -10 -4 -3 1 -9 -4 10 -8 0 3 6 6 -1 10 -6 -8 -4 -9 3 7 -2 -6 1 7 -7 5 -6 -4 9 -8 -10 -2 2 2 3 0 -1 10 -4 1 -4 -6 6 1 -7 8 4 7 -7 3 -1 9 -3 4 -9 6 9 -6 2 -6 9 -1 -9 -9 4 2 4 8 -9 6 6 9 -9 5 -3 -8 -1 -1 -3 10 9 2 10 -10 8 -3 10 -1 2 1 8 3 0 8 -1 -2 7 1 -2 2 -3 -4 6 -6 -3 -10 9 -5 8 6 -5 -10 7 10 9 1 10 5 -6 9 -6 -10 5 9 1 9 -3 -6 0 -7 -4 7
4 -9 2 -4 3 -10 -7 -3 5 -4 -4 -6 1 -7 5 -8 -1 8 -5 2 3 10 0 4 -2 -10 2 -1 6 -2 2 -3 4 -6 -10 0 1 2 -2 -7 3 -7 9 3 -9 4 -8 10 -8 0 7 -3 7 6 -3 -1 -1 -6 -5 -1 9 5 -6 5 -2 -5 -2 8 2 -3 2 -5 -5 3 -10 7 -1 2 -2 4 0 6 3 2 7 -7 2 4 -2 8 8 3 -6 -9 -3 8 -7 0 -2 -2 2 -8 -9 -6 2 -8 -6 5 2 -2 3 -10 -4 -5 5 -7 -5 6 8 -6 -4 -2 -5 8 9 9 9 8 -3 6 -8 1 -2 2 1 -7 0 3 6 4 -4 -5 8 -3 7 0 -3 -5 -2 6 10 -2 9 0 7 -9 7 3 7 3 -9 2 0 -3 -7 1 3
4 -4 -4 8 6 2 -1 -9 -1 10 7 -1 -3 -4 4 -7 5 -3 -7 -2 10 -9 -8 3 -10 9 6 8 -8 -1 -7 8 2 -8 -10 9 8 5 -8 5 1 0 3 -7 3 -9 1 6 8 -2 6 -7 -8 8 -7 -5 -8 1 6 -1 -8 -9 -3 -2 10 9 0 3 0 -8 3 -8 9 9 9 -10 1 0 -2 8 -4 7 10 -1 4 10 -5 -7 -2 9 -7 -3 -10 -7 -9 3 -1 -5 9 -6 -6 10 -4 -9 -1 0 5 -1 4 9 9 -5 3 -8 -8 -1 10 4 -2 6 8 -10 8 1 -9 -3 -2 5 -10 -2 -9 3 -8 3 4 -3 0 7 0 -2 -4 1 4 9 1 0 3 7 -8 -9 -2 0 9 2 10 7 -10 8 2 -8 1 -1 -8 9 2 7
-2 0 2 1 1 -10 10 -6 -4 0 -9 -6 -2 10 3 -9 -3 1 -9 -3 10 -5 2 -4 3 10 -3 -2 -3 6 -2 1 1 9 -2 2 -1 -4 8 5 5 -4 -10 -7 -1 7 -3 0 -1 6 -8 3 -10 6 -5 7 -7 10 1 9 2 7 6 -4 5 -9 -7 -2 -8 -7 10 8 1 9 2 -9 4 5 -6 3 1 -7 7 -10 -1 3 7 6 -10 -1 10 -10 3 0 -1 -2 1 -8 -7 6 -1 -10 7 -3 -6 -4 2 9 6 8 8 9 0 -6 -6 -3 -10 6 1 -4 -1 2 0 1 -5 5 -4 5 4 6 -8 -1 8 -5 0 7 -1 -3 -5 3 -10 -4 3 6 -4 -6 9 4 -7 -10 3 5 -6 0 -9 0 -3 6 -3 -4 -8 -6 1 5 -4
-8 3 2 -6 0 6 10 5 -6 7 -5 -2 10 -7 -8 3 0 8 8 0 5 -9 7 -6 8 7 3 1 -4 8 -2 -2 -5 3 9 4 1 0 -10 6 -10 0 -9 6 0 2 7 3 3 10 2 -7 4 -4 -8 10 -6 -3 -3 -8 1 -3 4 7 10 -5 4 10 -2 10 -4 -4 5 -6 -7 9 1 0 2 -7 -5 8 6 1 -6 9 7 1 -5 -4 -6 3 2 -6 -3 8 -8 -4 -8 4 -1 -3 1 -4 9 0 6 -9 -5 -4 6 -4 9 -5 -7 8 8 8 10 -10 -10 -7 -4 5 7 6 -4 -10 -10 -3 1 10 -3 10 7 -10 -9 9 -7 8 8 -8 7 -1 -8 -6 10 -1 6 8 -2 -1 9 -2 7 0 -7 2 2 -5 6 9 2 -9
7 -2 3 3 1 7 2 -2 -7 0 5 3 1 4 0 -8 -7 -1 -1 0 0 10 2 -4 8 -9 5 -7 4 4 5 -4 -1 1 5 5 7 -8 6 -7 9 0 0 6 -1 6 -7 5 -2 -5 0 -2 4 4 -4 1 1 -2 0 3 -3 7 -1 1 -9 8 -8 9 -6 -8 -9 -10 -10 10 -2 7 -5 -1 8 5 7 3 6 2 2 9 0 -6 -3 9 8 2 9 9 6 7 -5 -7 7 0 1 -9 -5 1 10 -7 0 3 7 6 5 0 -2 9 8 -1 5 0 5 8 10 2 -3 -7 10 10 1 10 3 10 6 5 4 5 -10 9 5 -6 -4 -7 -2 -5 -5 -8 -2 8 9 -2 -8 10 4 4 6 -6 9 10 10 -4 0 5 -5 -1 9
-8 3 0 5 -5 -4 10 -3 -2 9 -4 10 -10 4 5 -8 8 -1 7 -6 7 4 -2 1 -5 -1 10 7 1 -5 0 1 -6 7 8 3 -2 4 -7 7 -1 9 -4 7 -5 -8 0 -9 8 0 -4 -8 -7 -5 10 6 -5 -10 -10 9 -4 7 -9 -9 9 1 2 -6 -4 5 8 1 8 1 3 0 5 10 5 7 -6 2 -10 -5 2 -6 0 2 6 4 -8 -10 6 -1 9 5 -7 -6 8 -3 -2 -2 8 10 2 8 -9 -5 9 8 -8 6 8 1 -3 7 -2 10 8 -6 7 1 -10 8 3 1 -2 10 4 3 -8 -3 -9 -2 -10 -1 6 -6 -6 3 4 3 -7 2 8 7 4 3 6 5 3 6 5 -6 8 -10 -4 1 -10 5 -2 2
-3 -5 -9 -7 8 -3 -2 -1 -8 6 -3 -1 -8 9 3 -4 3 9 -6 4 3 9 4 8 0 -2 -7 -4 9 10 4 2 -8 -10 6 -10 8 -10 -9 1 3 2 6 -2 5 -7 8 9 10 -3 6 -3 -10 -3 1 -10 0 10 -10 4 0 -4 -3 -4 -6 1 -4 -10 8 -5 5 0 -2 3 0 -4 -2 -1 10 2 8 3 -7 8 3 2 -7 -6 9 -10 -1 -3 -10 -3 -3 -7 0 -5 4 -7 8 10 1 -7 -7 3 5 4 -8 8 4 2 -9 1 -4 -10 1 6 -7 2 0 -5 8 -2 -1 0 -4 -1 0 7 -1 7 -3 0 2 7 -8 -4 -5 8 3 -3 4 9 0 -4 0 1 -5 -1 -10 -3 -8 6 9 5 0 -10 4 2 5
2 6 3 -8 -5 -10 -2 -9 0 -3 10 -7 10 3 -6 9 -9 10 -7 -10 -9 10 10 -2 10 -5 3 6 -4 5 0 -10 7 6 -1 3 -5 -5 0 -6 -1 -3 -7 10 6 6 -3 -5 -6 5 -4 6 -8 -8 1 6 -8 -7 -9 1 -7 8 -3 -10 -7 10 -3 5 -5 4 -6 -4 -6 -5 9 -4 3 7 7 -4 -4 4 -9 -7 6 10 8 -10 6 6 6 -6 -10 10 1 6 -1 6 1 -3 -8 7 -6 1 -9 0 -6 -1 -10 8 -7 -7 -4 2 2 7 5 -6 7 -8 2 -3 -9 2 2 -4 7 5 5 -8 10 -1 -10 0 -7 -9 4 -2 6 6 -10 -1 10 7 -8 -1 -5 8 -5 10 0 -4 0 4 -5 3 10 -10 -3 -1
9 -6 7 8 2 2 -1 5 -2 7 9 -10 9 -6 -2 7 0 4 5 6 -5 9 3 2 -10 9 5 -7 6 -8 -6 9 3 -3 -1 -10 2 5 4 -8 5 8 -7 -10 0 3 -6 0 -2 4 7 -2 -8 6 2 0 5 -3 -2 -5 -8 -8 7 0 -3 10 -4 -7 6 3 -2 -6 0 -1 6 6 4 1 7 10 8 -3 -7 3 9 10 7 0 7 8 4 9 10 7 8 8 -9 -7 5 -4 7 7 8 7 -2 0 -2 -1 4 9 -7 -7 -5 -9 -10 1 5 -9 -5 -5 3 -6 -1 -5 5 2 -7 3 6 5 4 3 5 0 -2 3 -3 -4 0 6 1 -8 5 0 -4 8 5 7 -6 -10 7 9 -10 9 5 9 0 -10 -4
1 5 2 3 -2 2 4 -3 10 6 1 -9 -1 6 8 9 8 2 -9 4 -2 9 3 -9 5 6 5 6 0 -1 -2 9 10 -5 -1 -3 -10 -5 -7 8 10 -8 6 -10 2 1 -5 -3 10 -3 0 9 2 3 -2 -1 0 -3 3 0 9 -2 -2 4 -2 3 -1 7 4 -10 9 -3 4 -8 -9 -1 -2 -6 -3 5 -4 10 -10 3 3 -1 -6 -10 2 2 8 -1 -2 5 5 3 2 9 -2 0 8 -6 9 -10 10 4 4 -7 -4 -4 -7 -7 8 8 1 -6 -6 -4 0 5 5 -6 10 6 8 10 -7 6 -4 -6 3 -9 -3 6 -3 -5 -2 0 1 1 -9 5 7 4 -8 8 0 8 2 -5 5 6 8 8 10 2 -1 4
1 -2 -8 -2 6 10 10 10 -10 -4 -2 -5 6 1 5 3 10 0 -1 3 4 7 1 -7 0 -7 -3 -7 5 4 1 -4 -4 1 -2 6 1 -7 9 7 -3 2 2 -10 -4 -1 -2 4 -5 -7 0 9 -10 4 -3 -1 -3 -10 5 0 -3 0 9 -9 0 0 4 -3 -9 -5 1 3 -6 1 -1 2 -9 1 3 4 -10 5 -6 -10 10 -5 9 -7 -3 6 1 -5 -3 3 -3 2 4 9 -8 8 -5 10 8 8 3 7 -3 2 -7 8 8 -8 -4 2 0 -7 -1 4 8 -1 0 -6 -10 9 -4 7 -2 -7 1 0 8 2 -3 -3 3 -4 1 10 10 -7 -4 4 -8 6 -1 -4 -5 5 -6 5 -1 -1 -1 0 0 -6 8
1 8 9 7 7 -2 -7 -7 -1 -6 -3 -5 -10 -2 -9 -6 7 -10 -7 -5 -2 4 -5 -1 8 -10 4 -6 1 1 2 -4 -9 10 4 0 -1 3 -2 1 -5 0 7 -7 -4 -9 10 -1 0 5 -2 -3 5 3 1 7 -9 5 5 4 5 9 2 1 2 -10 -10 9 5 5 -2 6 -4 6 -4 8 10 7 2 8 -4 -4 -4 -4 8 -3 -10 5 0 3 8 -1 -1 2 4 4 3 -10 -6 -4 -4 7 -9 -1 -4 -6 0 -6 1 2 0 -9 10 3 6 10 4 3 -4 -7 3 8 -3 -1 -5 -4 9 3 2 -8 -10 -4 4 -8 5 -2 -7 2 -2 9 -1 -5 8 -6 9 1 -8 4 9 -1 9 7 -7 1 -4 9
9 -1 -8 -1 2 1 10 8 6 -6 4 -2 4 -8 -8 -3 -1 8 -7 1 2 3 -3 -1 -7 0 -6 -10 8 -5 -8 -9 -8 8 6 -7 -3 2 10 4 -6 5 8 -5 -6 2 -5 -4 -3 1 3 -8 9 -5 9 2 10 -3 10 -5 7 -8 -5 4 -3 -8 0 3 6 -1 9 -8 -3 6 -9 3 8 0 0 -7 -8 4 6 6 -3 3 -2 -7 -9 7 8 -5 -6 3 10 3 -1 -3 -2 1 8 0 6 -4 -2 -7 2 -1 -1 8 -3 -5 10 0 8 0 -7 7 -10 1 5 2 -8 7 4 -1 1 -10 5 -8 -7 5 9 -6 -4 6 -4 3 -4 -8 6 10 4 -6 -7 1 4 4 -5 6 4 6 5 -1 -5
2 -8 5 8 1 10 -10 -3 -3 -7 0 8 8 -7 -9 -4 -9 -4 -8 -1 -4 6 -6 -10 5 1 3 -3 -2 -6 -8 -9 -3 -6 5 -3 5 6 -1 -6 -1 1 -2 9 -6 6 -7 8 -3 5 0 -10 -9 -9 1 8 6 7 3 0 -9 1 -6 6 -9 9 7 9 -5 -6 -5 5 1 7 -1 -7 -5 0 -6 4 8 0 -1 9 1 9 0 -9 10 4 -3 -1 -6 -1 2 7 8 -4 1 -3 -3 3 -10 2 -2 3 8 1 4 7 -9 -2 9 10 0 -4 4 1 2 -9 -7 1 2 -7 2 -6 7 -6 7 8 -5 -4 -3 4 -6 -8 9 5 9 10 -10 -10 7 7 2 5 -3 -8 -6 1 8 -5 -5 8
8 2 -9 -9 -4 -9 -3 7 4 -3 6 10 3 -2 -5 4 -5 7 -10 -9 2 7 -4 -9 0 -6 -7 -5 4 -7 -4 9 -9 -4 8 10 -4 7 4 -1 -9 -5 2 2 8 8 1 2 -7 -5 -10 -1 8 9 5 -8 0 -5 5 9 3 7 3 5 5 6 -8 -7 10 0 -10 4 -8 1 5 4 1 7 4 -6 3 8 0 -5 0 7 8 -5 -10 1 4 -7 4 4 -2 -3 -7 -8 -7 2 -3 9 4 4 5 7 4 -2 5 -1 0 -3 -2 5 -2 8 -7 -10 -8 -2 -8 -9 2 -2 4 -2 3 4 8 -8 0 3 -10 9 -2 3 -10 -4 -1 8 -5 10 -2 -1 3 2 -4 1 8 1 4 4 5
-5 -5 0 1 6 7 8 -9 -1 2 4 -2 -7 -7 10 -2 9 10 -6 10 -9 2 -1 -10 -1 4 -9 9 1 -3 -4 -8 1 0 0 -6 -9 5 -4 1 8 2 -2 -6 -3 -7 5 -3 -8 7 9 -8 -2 7 5 -2 -6 -8 10 -4 -9 -7 9 3 8 -6 -8 4 -2 -2 6 10 -10 -9 7 1 6 -1 1 -3 2 6 5 1 -8 8 1 -2 -3 4 9 5 -9 0 5 -2 7 -8 10 3 8 -6 3 -2 -10 8 -7 -1 -8 -9 7 -10 3 0 1 5 10 -4 -5 -3 -6 3 6 -4 8 -10 1 -2 -9 -4 -2 3 5 4 7 -4 -4 2 2 8 -7 1 9 2 -1 3 -7 0 3 -9 5 -9
1 -10 6 0 3 6 10 10 9 -10 -9 -6 -6 9 8 10 5 5 10 1 -8 -9 9 4 7 9 3 -5 0 6 -7 2 2 7 9 8 -8 -5 -4 4 6 -8 -1 -5 9 6 2 5 -3 -1 -8 4 -5 8 2 -2 -10 -8 -3 -1 5 -8 -2 10 8 -9 -6 -5 3 3 9 4 -5 6 -5 9 -10 4 9 -8 8 -6 9 8 0 6 4 -8 9 -7 -4 -5 5 -10 -9 -2 3 3 10 -6 9 2 0 10 8 -5 -2 5 -8 -5 -3 -2 2 -3 5 9 10 -8 -9 -9 2 -9 -2 -1 -3 6 5 0 -10 -9 9 -7 -10 6 1 6 -7 1 10 -10 9 4 0 0 -2 -8 2 -9 -3 -9 -4
8 7 0 -2 8 9 -10 -1 2 1 7 -10 -4 5 -7 10 2 1 -10 2 7 -8 4 0 9 -3 -5 9 9 -6 -10 6 5 -8 -2 -9 10 -7 10 -9 5 5 0 -6 3 -8 6 1 10 9 3 6 9 -6 2 5 1 3 -4 10 -4 -4 5 -2 4 -1 8 -9 10 -7 10 2 -9 8 -8 -1 -6 8 10 9 -2 -1 -3 -4 -10 1 3 -10 -4 -6 -2 6 8 7 0 5 -2 2 7 8 0 0 -2 8 -7 -6 4 3 -6 9 -3 10 -9 10 -2 2 1 -4 5 5 5 5 -4 9 3 -10 4 10 7 -5 8 -2 6 -8 6 3 -5 -9 3 2 -10 -2 6 -3 6 -2 -8 4 2 9
2 7 -5 -3 10 3 -4 8 3 6 -10 -1 7 -5 -2 -1 10 -2 10 -2 -10 2 -2 4 7 -5 6 -4 6 -8 -6 -8 6 2 2 -3 -3 -9 -6 2 7 -5 3 -6 -7 9 -4 1 -4 -2 -6 4 2 -6 -10 0 7 -2 -7 -4 -10 1 9 -8 1 -6 7 -3 -7 6 -6 -5 -3 -2 -3 10 1 -3 5 5 7 -8 -10 7 6 -8 -4 -1 9 -4 7 -5 10 0 -5 -9 3 9 5 -7 -9 -10 1 6 2 -7 9 -3 10 -4 5 -9 6 7 8 -1 7 -1 5 0 0 10 3 9 6 7 -4 0 7 -10 10 -10 1 8 10 -3 1 7 -3 7 -8 -7 1 10 9 -1 -9 -4 3
-7 -7 4 -9 7 3 3 -2 -1 -3 10 -5 -7 3 8 1 10 7 -9 7 -7 4 8 4 3 -9 6 8 -6 5 3 -3 1 -10 -3 -7 10 -1 9 6 5 -10 -2 3 4 7 -3 -3 10 -7 1 5 3 -8 -5 0 2 -7 0 9 -10 3 -9 -7 0 -7 -10 0 -10 3 10 10 -10 10 -6 -10 -2 8 -5 3 8 8 -4 -6 -10 3 4 10 -5 0 0 -8 -7 6 -4 -3 3 -2 8 -6 -10 -7 9 -4 5 9 -6 -9 5 -9 0 7 5 -10 -7 8 3 -10 4 1 -1 8 -3 -2 -3 1 5 -6 5 -9 -8 4 -9 -10 -3 -8 -5 10 5 -1 -2 0 10 -8 4 2 -4 8
3 8 9 8 -7 10 -4 4 9 -3 -1 -2 8 10 4 -3 8 8 5 3 -7 -10 -5 -9 -2 4 7 1 -6 -10 -1 5 9 3 5 10 2 -8 2 -4 4 6 -10 7 -8 -5 2 -4 8 4 -3 4 -1 9 6 -2 -2 1 -7 -5 -6 -3 -5 0 9 -7 -2 -1 -4 2 7 -5 3 -10 2 -3 6 4 -5 9 -10 8 -7 -9 4 6 -7 -1 -7 6 9 5 4 -1 6 -1 7 -9 5 -4 3 9 -3 -8 -9 4 -2 6 -9 5 0 8 -9 2 5 8 6 6 2 -8 1 -6 8 -8 5 5 -7 -9 -1 -2 -6 -3 -3 -2 -7 -10 9 -9 3 4 0 -9 -8 3 6 2 -8
-7 -5 -1 -4 1 -10 -10 5 3 -3 -9 -5 -9 -9 2 -2 -10 7 3 4 0 6 7 3 -9 1 -8 -3 2 -4 3 7 -2 8 -2 4 8 -5 -9 1 7 3 1 0 8 4 -5 -6 7 -4 -2 3 -8 -10 0 -1 4 -1 -6 3 3 2 7 -6 -5 4 10 -1 -7 9 1 2 -2 9 0 -3 5 -3 -4 -7 -4 2 -10 0 5 -7 -6 4 -9 5 -6 -10 -6 -7 -1 0 1 5 -3 -6 7 2 6 2 9 7 0 4 2 -6 -6 9 2 7 -4 7 -4 -9 7 -9 4 1 6 -8 -10 -3 -10 -4 -7 0 7 -7 5 -3 7 5 -4 8 6 3 2 -9 -2 4 -6 9
7 -3 -1 -10 -9 9 2 -4 -3 -9 6 -10 4 -8 7 -7 0 2 -7 -2 5 3 1 -5 7 -7 0 -3 0 -5 3 -2 6 -3 -1 -6 3 -4 -3 -10 6 2 -6 7 -2 -9 2 10 6 10 0 -8 -9 -2 3 7 8 10 8 -2 2 -4 -5 -3 -6 -4 -1 -5 -2 5 -2 -10 -5 -3 9 10 2 4 -2 1 5 4 7 1 0 10 -3 -10 -3 5 7 -2 -8 -3 5 -1 -1 -8 -6 1 -9 -10 -3 -7 5 -4 9 -8 -7 5 4 -1 8 3 2 2 6 0 -1 -6 -5 1 -10 -6 -7 5 10 3 -4 8 7 -8 -9 7 -5 -2 7 -1 -3 -1 8 3 -7 5 5
-8 -10 10 6 1 6 2 -2 -10 3 -9 -10 5 -6 -8 -3 -4 -7 5 -3 -10 2 -1 -8 -2 -1 4 -5 -4 -10 -10 -7 8 6 5 -10 10 6 -9 10 1 5 0 8 9 -1 -1 -1 2 10 3 3 -8 -6 9 -4 5 5 5 7 4 2 -9 1 3 4 -7 1 0 -6 -4 -1 10 -9 3 4 8 -10 -8 -10 -2 9 -3 -1 -3 8 -9 -6 -8 7 -6 -10 -9 -6 -7 2 -8 -5 8 4 9 5 -3 3 -7 10 -10 -5 0 -1 -4 -3 -10 -10 7 -9 -6 1 3 -1 8 -7 -7 -8 -7 -9 -10 3 0 4 -7 -5 4 3 3 3 7 6 5 8 -9 10 -9 -5
-4 -6 0 4 -8 -3 -9 4 5 0 -6 0 6 5 -1 3 -4 0 8 -6 6 -10 3 10 4 3 -5 -8 -9 -4 6 -5 -10 -2 2 1 -6 8 1 -2 -4 3 2 0 -4 5 -9 -1 -1 -2 4 1 0 9 -10 -4 9 9 -10 6 -4 -3 -6 -1 -9 3 10 10 2 -6 -10 8 6 -1 2 0 6 -10 5 -1 4 3 9 -7 10 -10 2 4 8 2 -1 -5 10 -10 1 6 4 0 10 2 -3 -1 -8 -3 -10 3 -8 3 4 -8 -6 -10 6 6 4 -9 -1 4 4 -7 6 -3 -10 4 -10 9 7 9 2 -10 -3 -7 9 -6 -4 -3 -10 6 -5 8 0 -5 -1
-5 2 9 8 2 -3 3 8 -1 -2 -3 1 -7 9 10 2 -5 0 -1 -3 -7 4 5 -3 -4 1 8 -2 7 6 -7 5 -7 9 2 4 -1 7 2 10 -3 7 0 0 4 -2 3 -2 7 8 -1 -7 -4 -8 4 5 -4 -4 3 -1 -3 9 8 9 8 9 -3 -9 3 3 -2 -2 -5 -9 -1 0 9 3 4 -6 -2 -4 0 -2 -6 -7 8 -5 -6 0 8 -3 1 3 2 -10 -8 -8 5 -10 0 3 1 7 8 -1 -5 9 7 -10 10 1 -7 -9 -10 0 0 3 -1 7 -2 6 10 -10 -10 0 2 2 5 -6 -6 -5 4 1 -10 0 8 3 8 6 2 3
1 2 -1 -5 5 -6 2 7 4 8 -8 -2 6 -10 7 -1 -1 9 7 -5 -6 9 -10 3 -6 2 -4 3 3 -4 8 -3 6 2 0 -1 -7 -2 -5 10 4 -9 4 -3 -2 5 7 -7 -9 -1 -9 1 6 1 -3 0 -8 6 -9 6 7 9 10 2 4 -8 10 9 -8 7 3 8 -9 4 10 8 -5 6 6 4 -3 8 0 -2 -3 -3 9 -9 5 3 -1 -5 0 8 4 0 4 10 -8 -8 5 3 -4 -9 3 -9 4 9 -2 0 -4 -6 7 -7 6 1 8 -1 0 4 5 2 9 -6 -5 10 2 -6 -10 0 6 -4 -4 10 -9 6 3 -8 9 -10 -6
-9 10 -10 -6 9 -5 -8 -5 -4 9 9 6 8 5 5 3 5 2 5 -10 8 -1 -5 -1 10 7 10 9 -4 -4 -1 -1 1 -1 0 -1 -5 7 -2 7 0 -2 9 -2 7 -1 -3 -7 -3 8 4 -3 -6 4 9 -9 2 -1 6 5 0 2 5 -6 -4 -10 9 -5 -10 -3 -1 4 -7 0 3 9 -6 2 10 -4 10 4 5 -7 -4 -4 -7 6 8 3 -7 10 7 1 -7 8 -6 -4 9 9 -7 -6 -4 -8 6 -6 -1 2 -8 10 -10 1 -7 -8 -6 2 2 -6 4 8 1 -7 10 -1 5 -10 -8 8 1 3 8 -3 2 -2 9 0 7 10 -1 3
4 -5 9 9 -3 -2 3 -2 -5 6 -8 3 -4 0 -7 2 4 -7 7 4 -6 -9 -9 -3 -5 4 5 9 3 10 1 9 -5 10 9 6 -3 9 1 5 0 9 -6 7 10 6 10 7 -1 -2 0 -6 7 -4 -3 -2 -4 -10 5 -5 10 4 6 -1 -7 7 -5 3 -5 7 -3 -5 0 -2 -8 -2 -8 8 2 10 8 5 3 -10 0 -4 10 -3 -5 2 6 9 7 9 7 3 -6 -6 9 -1 -4 8 10 -8 -9 8 -1 4 7 9 -8 5 -4 5 8 6 -7 9 1 -8 0 2 1 9 4 3 -9 3 -8 -1 7 -8 -8 3 6 6 9 7 5
3 -7 3 4 -3 6 6 7 1 -10 4 10 -1 -2 4 -6 1 1 10 2 -3 0 9 0 -9 1 -4 5 -7 -1 -4 10 0 4 -4 4 -8 -1 -1 4 9 -10 5 3 0 -4 -8 6 -1 -7 -8 8 10 10 -5 3 -4 6 3 -7 -1 1 3 10 9 -10 -4 -4 9 -3 9 -1 -2 -1 9 -6 -5 9 1 0 6 -10 6 4 1 5 -8 -6 5 -2 9 10 -5 -8 3 8 -9 -10 7 9 -6 -6 -7 -3 5 5 9 -8 -7 5 5 -4 -2 0 10 -6 -7 0 -7 0 1 -4 -7 1 -10 10 -7 -9 9 9 2 8 2 3 5 0 -4 4
7 6 5 10 3 0 -6 4 -7 4 -1 3 1 3 -10 -2 2 5 10 4 10 7 4 8 7 0 -5 4 -3 -6 4 -6 -10 -8 4 2 0 10 10 2 1 10 2 9 8 8 3 -5 -2 0 3 6 4 6 7 -1 4 9 0 -9 4 -10 2 -2 5 -8 -4 -4 -8 -8 -2 7 6 4 4 -3 -5 5 -1 -3 10 8 -3 5 0 1 9 -7 -2 10 -9 -1 -9 6 -5 -3 2 4 5 10 0 -3 -1 -2 0 -4 -4 -8 8 10 3 7 9 -8 7 -8 4 0 10 7 1 0 10 6 7 -4 1 3 -3 5 -3 -1 -6 -5 -4 2 9
10 -3 9 0 -6 7 -3 -7 10 7 -4 3 -5 -5 -10 8 -10 1 10 10 9 8 3 10 1 -1 5 -5 9 6 7 -9 9 0 1 -7 5 10 9 8 -7 7 -2 -2 0 -10 9 5 4 8 -5 4 2 -5 7 4 -5 -3 -6 -10 -4 6 -10 2 10 4 -7 9 1 -5 4 7 3 -9 0 4 -8 4 -1 -8 -3 -1 6 6 -7 -3 5 -5 5 0 -10 -4 3 -10 9 2 -6 -8 -6 2 0 -2 -4 0 -8 2 -6 5 -9 10 0 -5 -6 4 6 -9 4 3 -10 -5 -6 5 -3 8 -1 6 -9 2 7 9 3 3 6 1 2 10
-4 -4 7 -8 1 -6 -1 -6 -10 5 1 4 3 8 9 7 7 4 9 -8 3 3 -1 1 -1 10 5 -2 -2 -9 -8 -2 4 -3 -10 -8 -8 2 2 -1 9 8 -7 10 4 5 -3 -5 2 1 -6 9 3 -9 -9 -2 2 3 -5 0 -10 7 0 -5 -3 -3 2 1 -1 -3 5 2 1 0 -7 9 -4 10 -9 9 -6 6 0 10 8 2 10 7 -3 -1 -10 -4 6 7 4 4 2 -2 -9 -6 10 -9 5 6 -9 -2 0 6 -3 -2 10 -1 9 5 3 5 2 -3 6 -6 -5 -6 -1 -1 -10 10 7 5 -2 -7 10 8 4 -6 -6
3 0 0 -7 3 -1 -6 -9 -7 -3 5 7 -8 9 -8 4 -5 2 -4 3 -2 8 -9 2 -2 5 1 -1 3 -9 4 -1 1 9 -5 7 -9 1 3 2 -9 -2 -7 -8 6 7 -5 -8 -5 3 5 -1 -1 4 2 4 8 3 -1 3 -8 1 -4 5 9 6 6 6 -6 -2 4 7 4 -8 -5 7 8 -1 1 -4 10 4 -9 -4 10 1 -6 -9 -2 7 -1 -10 1 6 2 6 10 -5 8 -1 -10 7 2 1 -3 8 9 -6 0 0 8 -7 7 6 -8 7 8 -2 1 3 -8 1 2 9 -2 10 4 5 -3 -8 9 -9 -3 9
0 8 7 10 9 -7 -10 10 6 -10 -8 -7 -10 -8 1 -4 -7 -4 0 6 8 8 -2 6 -9 -2 4 -5 1 -6 1 -6 -8 -4 3 7 -5 -2 10 8 -1 1 3 2 9 -5 -2 -2 9 10 6 9 2 6 -9 -8 7 -5 4 0 9 9 -1 -9 2 -6 -2 -9 1 2 10 8 -9 2 6 3 1 3 -10 -5 -8 -8 4 -4 -8 6 4 5 10 -4 -1 4 7 1 -1 -4 3 9 -7 2 1 8 5 -4 -1 8 -5 -1 -7 -4 3 -1 -6 8 4 2 8 5 -2 -7 -6 -10 4 4 -7 9 2 8 -3 -2 9 -10 -7
3 -3 4 -8 -6 9 8 -7 -9 -9 2 9 -3 -3 10 -8 -3 -4 7 -6 -8 10 2 -4 -7 3 10 5 -7 2 -7 0 -6 3 5 9 -4 -10 4 -8 5 1 -10 8 -6 6 7 8 9 -5 -1 7 2 0 10 -3 -9 0 -10 4 9 0 -10 -4 1 -5 -9 -1 -5 -4 -4 -9 -9 -1 -1 7 5 2 -7 -7 -4 5 -9 9 -1 -1 -6 7 4 -10 6 7 4 4 -2 0 -8 -1 10 -3 -7 7 2 -4 8 -5 10 1 -9 0 3 -4 -1 0 9 -4 6 2 5 -3 -8 -1 3 -5 3 -7 -2 10 8 10 8 6
6 4 6 4 6 6 10 4 0 4 -1 -2 -9 6 7 0 0 3 2 0 4 -6 8 -2 -9 10 5 -3 -6 9 6 5 -5 8 4 -10 0 -1 6 7 10 -10 -5 10 -9 9 10 -3 -3 1 1 -6 10 9 -5 -10 5 2 1 -6 0 9 -1 4 -9 0 7 -8 6 -3 -2 2 -1 -10 -2 -4 9 -6 1 -6 7 -5 -10 0 -1 -8 -8 -7 7 2 2 5 3 1 6 9 -1 8 8 -6 -6 3 2 -8 8 9 -9 8 10 3 0 1 -10 -8 -9 -9 0 -2 -6 9 -9 9 5 -2 2 -7 5 -5 -5 10 -2
-6 5 4 -9 -4 10 -3 -3 3 8 1 4 7 -5 -5 -2 -1 -3 2 -9 -4 5 -7 4 5 8 -3 -10 -9 3 -2 7 -3 -3 -10 3 -3 -5 3 -7 -10 -8 1 9 10 1 9 -8 -1 -6 -2 10 4 -1 7 -5 6 -1 -10 -7 -3 9 7 -2 -2 5 10 6 -4 -5 2 5 -10 -2 -5 4 -9 6 8 10 -1 -10 8 -3 9 -7 -1 -8 -8 6 -8 10 0 2 9 10 0 -7 -10 -7 -1 -1 -10 5 10 4 2 -5 10 -7 6 1 -1 9 10 4 7 -6 6 8 -1 4 -8 -4 2 0 5 -10 4 -1
-3 -1 7 7 8 -2 4 8 2 5 7 -3 4 5 -1 7 1 -2 -6 8 -5 -9 -10 7 10 0 6 -2 9 7 -4 7 -1 -7 -3 -7 -7 -8 -6 3 0 2 -4 4 -1 -3 9 2 0 2 10 3 -9 -5 -6 9 -5 -9 -8 4 -2 -7 10 10 -3 -8 7 -8 -2 3 -3 -10 -5 -8 -7 8 1 10 -1 -5 1 -7 6 3 -10 3 5 1 8 -8 -7 9 -9 -6 10 -8 6 -7 -3 -7 1 3 0 3 -3 -5 5 7 -9 -1 -10 -10 8 9 -5 1 -10 4 -2 -8 -5 8 4 5 -10 -3 3 -4 1
-8 3 10 0 0 7 -6 4 2 -5 -3 7 -2 -9 0 10 -6 -1 -4 4 5 9 -8 -3 2 8 7 -4 1 2 5 -2 -2 -3 7 5 10 10 -4 3 7 -4 7 -4 10 -5 5 -7 -8 -3 -6 -7 10 1 -5 6 -9 -1 7 -3 0 -1 9 -6 10 2 -6 -2 5 -1 -2 8 0 -3 5 -2 10 1 -1 -4 -6 2 9 9 8 10 -7 9 5 -2 4 0 -1 -8 -3 3 7 -5 -1 -1 7 7 9 -7 -9 6 4 -3 -10 -10 5 7 7 10 5 7 4 6 -3 -3 -10 -1 -8 -9 -4 -7 3 2
-6 5 1 -4 8 6 0 10 -8 -10 0 8 5 -8 -8 -9 -7 10 -7 3 -3 6 -7 5 -7 -9 0 -7 -7 5 -6 8 -4 7 -9 6 -8 8 2 2 0 -5 10 10 -9 -4 -6 6 -6 -4 -4 -3 4 -6 0 3 3 3 -2 0 1 -8 -9 4 -3 6 -5 1 4 4 5 -1 1 10 5 -1 -9 -3 -9 7 -10 9 3 7 9 -5 -9 -6 2 -10 -1 -4 -7 -1 4 -7 -7 -9 2 -1 8 -2 -3 10 9 3 -9 -6 -7 0 -2 -3 -4 8 5 -9 -9 4 10 -6 -4 -6 8 7 -9 7 0
1 6 -5 -10 3 -7 9 3 -3 -2 2 -8 -6 -7 4 1 -2 2 -6 5 6 0 5 2 1 -4 -2 -2 9 -4 -1 1 -2 5 2 9 8 -3 3 -8 8 -5 9 -7 7 -1 5 -2 4 -4 -10 -2 9 -1 5 4 -7 -9 8 4 9 10 3 -10 -7 -4 6 -6 10 4 9 -6 9 8 4 5 -5 3 -3 4 -2 -6 0 3 0 3 3 -8 -3 9 -2 5 -5 -8 7 3 5 6 3 4 -6 5 4 -8 -9 5 0 -5 -4 3 -4 6 2 3 8 6 -4 7 3 6 6 5 -9 5 0 7
-7 10 2 7 0 7 4 -8 9 6 -6 7 -7 1 -1 4 4 -6 -7 -2 -8 6 4 8 -5 3 2 0 1 6 7 -1 -2 -9 -2 4 -2 -9 0 -2 -1 8 6 1 8 10 -5 -7 7 4 -9 9 10 -6 8 -1 -8 5 -4 -1 4 4 2 0 -6 -7 5 -4 9 6 6 -3 -7 2 -4 2 0 -8 0 -3 2 6 -5 -4 3 6 -3 -7 -5 -5 2 6 -8 -7 4 -5 -10 -10 -1 -8 6 2 2 -1 5 9 10 9 9 -4 1 -2 1 7 -8 4 -3 -1 3 7 9 -7 10 -9 8
-10 0 7 -3 0 0 4 5 0 -4 5 0 -7 10 -9 -2 8 -7 0 9 -5 7 -1 3 -6 4 -7 -2 -7 -10 -7 1 3 -1 -10 -10 6 9 -5 -8 -6 9 -3 -9 -3 -5 6 2 -1 4 10 2 9 10 -4 -2 -2 -7 -3 6 -5 -5 5 -6 4 -2 -9 -9 -10 -8 -6 0 1 4 1 6 -1 -8 7 -1 7 -4 -2 3 10 -9 7 -10 0 -5 1 -10 8 8 -4 3 -7 -10 -7 0 -2 1 4 -7 3 6 4 4 -10 -6 -9 10 -4 10 1 -5 3 3 -3 -3 -2 9 9 9
-6 -7 -10 -3 -9 -8 -10 2 -2 8 -7 9 -6 -1 -9 -6 3 -7 -5 1 -9 -2 10 10 2 -8 -8 8 5 -9 -6 -5 4 0 -3 9 -9 8 -6 -9 -9 10 -8 -3 -3 9 -1 0 -6 -9 -5 3 6 1 -9 -8 1 1 -10 -6 4 -2 10 -10 1 -7 8 -5 10 4 -5 9 8 3 -3 1 8 8 0 7 -7 -1 -3 -5 4 -8 -3 1 6 -8 5 -4 -6 6 5 -8 -4 -9 4 7 6 5 -5 -5 8 -4 -6 -2 -6 1 -8 -3 5 7 0 -10 -10 10 -4 -2 4 -2 5
-10 -2 -9 0 3 4 -5 -9 -2 9 10 -1 -10 1 -2 -3 0 3 -2 -2 -3 2 4 8 6 9 -7 -2 7 -3 8 -5 -4 -4 -5 9 8 -4 7 -2 5 -6 5 -10 -7 6 -9 6 1 -3 0 6 10 6 7 -9 0 7 4 -6 -2 -4 -8 10 -7 -2 -4 -8 10 -1 -4 -10 5 4 8 -3 -2 -1 0 0 -1 7 -1 1 -7 0 1 5 1 10 -2 -4 -2 0 7 7 -7 -5 -2 7 5 9 -7 0 -5 5 6 -10 -10 -7 6 1 -7 2 7 -3 2 1 -10 -5 9 3
2 -9 5 7 5 -2 0 -1 2 -10 5 -8 0 -1 9 3 1 6 -3 -6 -5 -8 1 5 10 10 10 6 5 -2 -7 7 6 3 -3 -2 -7 2 5 3 2 -9 5 -7 -5 -3 9 -4 -5 -1 0 2 -4 9 3 4 5 -8 10 0 -7 -6 3 -5 6 -8 -1 -1 9 5 -5 2 -6 -3 -8 -10 9 0 -4 7 7 -2 -4 -10 3 6 0 0 9 -2 7 2 10 2 1 -1 2 1 6 4 1 -6 -2 -8 -8 -6 8 -9 -8 9 -7 -10 2 2 -2 10 7 -6 0 4 3
-1 -5 2 2 5 -8 3 -3 2 6 -2 -1 2 2 6 0 5 8 6 -2 -1 -10 2 9 -7 -4 -2 8 1 -4 5 -6 -6 -1 5 6 -7 -7 -9 4 -9 -5 6 -10 -9 -3 -6 -8 -4 -9 9 6 9 2 0 8 9 -9 -10 -9 10 5 10 3 7 9 8 -6 9 9 1 -4 -3 7 6 10 6 7 -8 -5 -9 5 3 -8 8 1 7 -1 7 -9 -2 6 -9 -3 -8 1 -6 -8 4 6 -1 -5 8 6 -3 -5 8 -1 8 -3 -7 -4 4 5 2 5 5 1 8 -2
-8 -7 -2 -7 6 6 7 1 -2 -4 -7 10 1 0 7 6 7 -2 1 2 10 9 0 10 2 4 5 5 0 8 0 9 9 -9 -10 9 1 0 4 -4 8 6 6 3 -8 6 0 -1 5 -6 2 2 7 9 -4 -10 -3 -9 7 -5 -7 5 3 -3 2 4 3 -2 -6 -9 -10 -8 10 -2 1 -3 -8 7 6 -3 -10 -9 -3 0 1 7 1 -7 4 2 -2 6 -4 -1 -6 -8 -6 -8 3 2 1 -4 1 8 -3 5 -7 -9 -10 3 8 6 0 1 -9 0 -6 1 -3
9 -1 10 2 6 1 7 -3 -1 7 7 -2 -10 6 5 9 -9 -1 -3 10 -2 6 -7 -10 6 8 -2 4 3 -3 6 8 -5 0 6 -2 4 -3 9 -7 10 -1 -3 -3 -9 2 1 -7 5 -3 -6 -5 -2 -8 -10 8 2 10 8 10 8 -4 1 -2 4 -10 -9 -7 6 -2 3 -4 -1 0 -6 -7 -7 5 5 -8 4 1 4 3 5 -6 3 9 -7 -6 -10 6 9 1 -10 -2 -10 -4 3 -5 -3 3 6 7 1 -2 0 1 -9 -9 2 1 0 2 1 0 -10 8
-2 -10 -9 -6 -5 5 -6 9 2 9 -3 5 7 8 6 -10 -3 -10 5 6 1 -4 -1 10 5 7 -1 -6 -8 9 -3 -10 -5 -6 -6 -10 -2 -7 -4 -6 -7 0 10 1 0 6 2 -6 -2 10 5 3 5 3 6 5 1 -8 -1 4 -9 -8 -1 6 -5 -3 1 3 -10 -10 -3 -8 -3 -7 8 3 1 -3 4 -7 -4 1 8 10 7 -10 -5 -5 -9 -4 10 -5 5 7 -3 5 -9 -5 -10 8 10 7 -10 9 -9 -10 -6 -8 -3 -9 4 -10 -9 -6 8 -5 -6
5 6 7 -7 5 9 6 -10 -1 -8 6 3 -8 2 4 9 -2 -5 5 2 1 5 -1 -3 -6 1 0 4 6 -2 10 7 0 -5 -7 -4 4 7 -4 -4 1 5 -1 -3 2 -8 8 -4 0 3 6 -3 4 -6 -9 -8 -8 -8 -5 10 9 -6 -7 -6 1 -1 7 4 10 -4 1 1 -1 4 -2 6 -5 3 4 -8 -9 -3 -2 -6 -7 -1 6 -2 3 2 -9 -2 1 8 0 -1 -9 10 7 2 -8 -8 5 -5 -9 5 -5 8 2 4 4 6 -7 7 -3 -2
-6 -8 8 -3 -10 -9 7 8 -6 -8 -6 8 3 -6 -2 -10 -1 7 10 -7 1 0 -5 -2 0 -10 5 9 6 1 3 10 -5 2 -4 -3 -4 -7 5 0 2 8 5 2 -7 3 8 -6 8 -8 -10 0 7 9 3 5 2 -3 -2 2 4 2 1 3 -6 -10 4 -2 3 0 -7 2 -7 -5 -4 -10 -10 4 9 9 8 -8 8 -6 1 -8 -3 1 -8 2 -7 2 -4 6 -6 3 7 -6 5 5 4 10 9 7 0 4 10 -5 -1 3 -10 5 -6 -6 -7
3 3 5 -8 10 3 -5 1 -1 -7 2 0 8 7 10 3 -3 -9 5 6 -2 3 9 4 -1 -5 -3 2 5 -3 6 9 -9 2 1 -5 9 3 5 10 -9 3 -10 -2 1 -7 1 4 -4 0 -9 4 -6 -1 -9 3 -6 10 -1 -3 -9 9 -8 -6 2 10 3 -6 -5 4 -7 10 2 2 -4 -10 9 7 -5 7 5 3 4 7 8 0 7 2 2 8 5 6 -5 -6 3 8 -10 -3 1 9 -8 -10 -10 -4 -7 7 6 1 -7 -3 2 7 -9 1
-10 -3 5 -10 0 5 -6 -7 -3 -10 0 6 -3 4 2 3 -5 -10 -4 5 7 -4 -5 8 -10 -9 9 7 5 8 8 -7 2 -1 9 -5 3 10 2 1 3 -9 10 3 -8 2 -4 -1 8 4 6 -2 9 8 10 8 -4 -9 -6 9 5 -8 8 4 -6 -7 5 0 4 -6 -6 3 6 5 6 1 10 6 1 -6 -7 -8 9 4 6 1 6 9 9 -3 6 10 0 1 -5 7 -3 -7 10 7 5 9 4 6 0 -7 3 -3 -9 1 -5 -2 6
8 -8 7 8 -1 -7 -6 4 -1 -4 -1 -3 7 -9 -1 8 5 -1 8 1 8 -6 8 8 4 0 2 -3 1 4 -8 -9 6 -2 3 2 0 6 -6 -10 -1 -9 -4 6 1 8 -10 3 3 -9 8 4 -4 -6 -6 -5 -8 10 -8 9 1 -5 3 4 3 4 1 -6 -8 9 9 -8 -3 10 -9 6 -1 -7 -4 10 -7 -5 -8 7 -10 8 -4 5 -4 -4 4 -8 0 9 -9 4 8 8 5 8 -2 -9 -7 6 3 -9 2 -9 8 9 -2 -8
-3 0 10 4 -3 10 8 10 5 7 -2 0 -3 -6 -5 0 4 -6 -9 2 -6 4 -3 -1 3 -7 3 1 -4 -10 9 4 -5 -2 2 8 -3 4 -1 3 7 4 -5 -7 3 -6 -10 8 9 -5 4 6 9 1 -5 -8 -7 4 -10 -9 0 6 -3 -9 -1 2 -1 -5 -5 4 -8 9 2 9 -10 -1 -1 10 -2 1 9 9 -6 4 -8 -8 6 5 0 -2 -2 -7 -5 -6 4 8 7 -7 9 -9 6 6 -5 5 4 0 5 -8 7 8 4
-1 6 5 6 5 4 -9 6 -3 4 9 -6 8 -4 -8 -9 1 -4 -3 2 -9 -8 1 4 -8 4 8 10 -5 -5 8 -7 -6 3 1 0 3 9 10 -3 5 -6 2 3 3 10 6 -5 0 9 2 -2 4 -1 -10 4 -4 7 -10 -3 6 6 9 1 0 -4 -1 3 -5 0 -3 0 -6 10 -2 4 8 8 0 10 -8 -4 -1 5 -4 -8 5 5 3 -10 10 -5 1 6 4 7 0 -8 -6 -10 6 2 2 2 -7 5 7 7 -2 6
3 -1 6 -8 -8 10 10 -3 -3 -6 -3 6 5 -7 9 4 -4 -10 -1 3 7 -4 -3 -5 -9 -3 -9 -1 -8 -6 -2 -6 6 -6 -4 10 1 -1 -3 -7 -1 9 -3 5 4 5 -2 -8 -2 2 5 0 -2 -4 -6 3 -10 5 10 -8 3 3 1 -10 -6 3 1 -6 2 6 4 5 -3 -2 -9 -5 -10 -8 2 7 7 5 -1 -6 3 9 1 6 -1 10 -8 -3 -6 -6 -1 2 -3 -2 7 4 7 -1 -10 8 -6 -7 -4 -7 10
6 1 -6 4 -6 4 -4 6 10 -8 -10 -9 0 9 0 -7 -7 -2 9 -9 -3 -1 0 6 -7 -5 -10 4 8 6 10 7 -10 -7 8 7 -8 -9 3 6 -6 10 6 6 6 5 -5 7 4 -8 -7 -2 -9 5 -6 -5 3 -2 -1 -8 6 2 -4 -4 -4 -7 -10 -6 -1 0 8 -7 -10 0 8 0 2 1 -10 -3 -3 3 -7 -2 10 0 -1 -4 8 -3 0 5 -7 -4 -3 -5 10 -6 5 -1 -6 -2 2 -1 9 -1 -1 0
5 1 -8 5 -2 -7 2 -5 -4 -5 -1 9 9 2 7 8 -6 -4 -5 9 1 6 3 -2 -5 -1 -3 -3 4 -4 -10 8 -7 -3 -4 -9 8 5 -1 9 -1 0 3 6 -10 6 6 0 0 9 0 -1 10 2 1 -1 5 7 9 9 8 -3 4 6 1 3 -9 -8 -10 4 -10 4 2 -9 -6 -7 -9 -8 -7 -3 8 7 9 -7 -1 5 -6 -1 -2 6 -6 3 -3 -5 9 2 -6 5 3 3 8 10 6 -2 3 1 -5
-7 2 8 2 5 6 -10 -9 1 0 -1 -1 -2 6 9 -10 -2 -10 -5 -1 -6 2 2 7 4 5 -10 1 -3 3 2 -2 10 0 -4 -5 6 7 3 1 1 -10 3 5 8 4 -5 -6 6 7 1 2 6 -9 6 6 4 -2 -9 9 0 -3 -9 10 -3 2 4 6 -6 -8 -2 0 -4 0 -2 -10 -1 -1 3 -2 -10 -8 -1 10 1 0 10 3 9 2 -4 -1 -5 -10 3 2 1 9 -10 -3 -5 2 -5 1 -9 2
-4 6 4 -1 -9 -1 -1 8 6 1 3 6 10 -1 -9 8 -3 1 -3 3 5 -3 -2 7 -6 -1 -10 5 -9 7 -6 -2 1 -7 8 4 -8 5 -4 -7 -6 8 -5 -10 -9 1 -5 -1 0 -3 -8 -8 3 -3 -5 8 -1 3 -5 8 4 0 7 -7 1 -1 10 -7 -5 7 1 1 -3 9 0 -7 2 -1 -8 -5 -7 -9 -10 -3 -1 -5 -5 -1 -7 -5 -3 -1 6 0 1 -4 0 -3 -7 7 -6 5 -3 -2 -10
-3 2 9 8 -10 7 -7 -8 2 7 -6 -8 -10 9 -2 2 -6 -4 -7 -9 0 4 6 -7 -10 3 -5 -2 1 5 2 -1 -2 5 5 7 7 -10 0 -4 2 -7 -10 -10 -9 1 -8 10 1 -1 10 -5 10 -3 0 2 3 -6 -7 6 -9 5 3 7 4 -9 8 -10 2 -7 -7 -8 4 -5 5 -3 6 3 7 5 -5 -1 -6 -9 2 4 -9 0 2 -6 7 -6 -9 10 -3 -9 -2 -4 4 -2 7 8 -1 4
-5 -2 -1 -3 5 -8 5 10 2 -6 -9 -7 0 -7 -1 1 10 -6 -8 -3 1 -6 6 -10 -5 2 -8 7 -5 -1 -9 8 4 1 -1 8 2 -7 4 0 -8 -6 -5 3 -3 -1 -6 -4 -7 9 -4 -8 2 -6 -9 -10 4 6 -2 -3 0 -4 -8 -4 2 -10 9 -7 3 -10 -7 -4 -7 10 -1 8 6 -10 5 -5 3 -7 8 -1 -8 -1 -7 -3 2 -2 6 -5 0 4 4 -10 9 2 4 5 3 0 -7
7 7 9 -4 -3 1 8 9 -9 -5 -5 -4 0 3 3 5 0 0 -2 -6 4 4 -4 2 3 1 7 -2 5 5 -5 10 1 7 0 -1 -6 -1 9 -6 -9 -3 -7 -1 -3 10 -10 6 -7 4 6 5 4 2 -2 4 -7 -3 -7 -5 9 -9 3 3 -6 -3 -2 10 3 4 2 -2 -2 10 -6 -6 7 5 -5 -7 -5 0 2 8 -9 10 8 -3 7 -6 -10 5 8 0 5 -5 10 6 -3 2 -2 -5
-4 9 2 7 -9 -3 0 2 3 -8 3 0 1 8 2 -7 -7 -8 -10 2 -2 2 7 7 -4 5 -2 0 4 -4 6 8 8 -3 -1 -9 2 6 3 -4 2 6 2 -2 -1 8 -9 3 -2 -7 -4 9 -6 -1 -4 -7 4 5 -2 10 -7 -3 -2 3 3 -7 9 10 0 -5 -10 -10 9 9 4 5 -7 -8 -6 7 1 0 1 -6 6 -6 4 -4 -9 8 -5 2 -6 -8 6 2 -9 1 7 -7 0
4 10 5 6 -5 -5 -5 -6 10 8 -8 4 2 0 -7 10 2 3 -10 4 -6 4 10 10 0 1 -1 -2 -7 -9 -2 -8 8 1 0 3 9 7 8 9 3 4 5 10 -6 5 -2 9 -6 2 -3 -8 4 -2 3 -3 -10 -4 2 10 -10 3 0 0 -3 -5 -7 10 9 3 5 -4 6 -7 -4 0 6 -7 -7 8 9 -5 6 7 10 3 3 1 10 3 9 10 6 -2 -9 -3 -10 -7 10 -6
8 8 4 4 3 7 9 -7 -3 -10 1 0 4 10 -6 8 -3 5 6 -9 2 2 3 4 5 -1 -6 9 0 -8 2 -6 -3 9 4 1 9 5 -4 -10 0 2 -6 5 -8 9 7 -9 10 4 9 -2 3 4 4 7 10 10 -7 -10 5 1 9 -3 -5 -2 7 1 -5 10 -3 6 -2 8 -1 4 -10 1 -5 -3 0 -6 6 7 -5 -8 0 2 1 -1 -7 -3 -9 -7 -2 6 -3 5 -2
10 -2 -3 8 -8 3 2 -6 1 0 4 7 7 0 6 -6 -3 1 9 -5 8 -6 9 7 4 0 -5 6 3 -4 -1 -10 5 7 4 5 4 -2 -2 -7 -10 9 -1 -6 -6 10 -10 0 8 -3 -8 -3 -9 2 -8 -1 -6 -8 8 -2 1 1 -7 3 1 6 7 9 -1 -3 8 -5 1 -7 0 8 -4 0 -5 -7 -6 -2 3 -5 8 -6 0 -2 -4 10 10 1 -7 5 10 -7 -10 -9
9 -2 -1 6 -4 5 2 9 -1 0 3 -5 -2 -3 -9 0 0 -6 8 -8 -9 -10 -3 7 9 -4 0 2 -7 9 0 10 10 -1 10 6 -5 -2 8 -7 10 -3 0 9 5 4 6 8 9 -5 -7 -7 4 7 -4 -10 3 -10 -2 2 -3 -9 -7 -2 0 -3 0 4 2 -4 -6 7 10 4 7 -8 -4 -2 3 -2 -5 -6 8 7 0 9 3 -8 -7 -8 8 0 -2 10 -4 -5 5
-1 2 -5 5 -9 10 6 -7 3 -9 -1 10 -8 -3 10 3 4 6 2 -1 -5 -8 2 8 3 4 -8 -7 -3 -3 7 10 -7 4 2 9 9 -2 1 -3 2 10 -6 10 -7 7 -5 -5 1 0 4 10 -4 -9 0 -10 -6 5 -5 4 6 -10 3 9 8 2 1 9 2 9 6 -5 8 7 10 -1 -5 2 -2 -6 1 -1 -7 -4 -6 5 -5 2 -10 -10 -9 9 8 5 -4 -5
-9 1 -5 -2 -7 -6 7 -1 7 4 0 1 4 1 3 10 -5 -2 4 8 -10 -9 8 10 -5 -4 3 -8 10 -8 4 8 -9 1 -7 -7 -1 1 7 9 6 3 7 9 10 7 -6 -7 -3 6 -1 -10 -6 -3 -10 4 0 -9 7 -7 -7 -8 0 10 -9 5 10 -5 5 7 7 10 0 -4 -9 -10 -8 -1 9 3 -4 -10 5 2 -10 -6 -7 8 8 0 -3 6 3 2 8
4 -7 -4 -10 -3 -3 -2 -2 5 5 4 2 8 6 -10 -5 9 2 -4 -5 7 2 9 -1 6 1 2 -8 8 3 -6 0 0 8 6 -6 8 8 -5 8 5 -4 1 6 6 7 -2 2 10 -3 -10 9 3 -8 -1 8 -9 3 -5 3 -5 0 6 7 2 -9 -1 -5 -6 -8 -3 -9 3 -1 5 3 -4 8 2 -2 -4 3 -3 -7 5 -1 -8 -6 -6 9 -10 -1 0 -8
1 -9 -8 -9 -7 -1 -7 8 7 -3 -6 5 -1 9 -8 3 -6 2 -6 9 -9 5 0 -9 7 -9 -5 1 -3 4 7 -6 8 8 -7 -6 9 -7 0 5 -8 5 10 5 1 7 -5 -2 -2 10 -5 0 -7 7 -6 -6 -7 -7 -3 2 5 -2 -9 3 4 1 -5 5 -10 -4 4 -1 7 3 2 5 -5 -6 -7 2 1 6 2 -4 5 -6 4 -3 3 -6 -10 -3 0
-2 -3 -7 7 -2 -6 -7 5 -1 -7 9 0 -10 4 -9 -9 2 8 6 4 2 8 -10 9 -3 6 9 -10 -1 9 4 4 -8 -2 -1 4 -6 -1 -4 -4 0 6 -5 -7 -8 -6 -3 -2 2 -10 3 5 4 2 -5 -3 -9 4 -9 8 0 2 -9 -2 1 7 6 7 10 -2 7 -4 -7 -6 -1 -7 4 8 -7 10 9 -5 2 -4 5 10 -2 4 -10 -7 1 -1
-1 6 7 6 10 -9 0 9 5 4 3 8 8 7 -7 8 10 -10 -9 1 5 3 2 -10 -9 3 7 -2 1 -2 -6 4 -3 -4 -6 2 7 5 5 -6 -10 6 -5 9 8 -10 4 1 -8 -6 8 -5 4 -6 -4 1 -3 8 1 10 6 -2 1 9 4 -9 -6 1 7 6 -9 -1 -8 -2 2 8 7 -8 -7 -2 -5 3 2 -6 3 0 9 1 7 -5 -6
-5 0 -4 1 -8 -1 6 -2 8 1 7 3 10 10 0 3 9 -7 -2 6 9 -4 -6 -7 -7 -10 -5 9 -7 6 4 9 -6 4 6 3 5 2 2 -2 0 10 5 -10 2 9 10 -2 6 -9 7 -1 5 5 5 -2 5 7 -10 -6 10 2 8 -5 2 -6 -1 8 -5 9 7 9 8 -3 7 4 6 7 -8 -5 -5 7 -4 -7 -3 -4 -4 0 7 6
-4 -3 9 -2 6 5 -9 8 0 1 9 -6 3 -6 3 8 5 4 10 7 7 1 3 -1 4 -6 0 -4 -10 5 -8 5 5 8 6 -9 5 3 -2 -3 -9 8 -3 -3 8 -3 -2 6 -10 8 0 -2 4 -10 1 -4 -5 -5 -6 3 -1 -3 2 -7 7 10 10 1 -1 -9 7 7 10 0 -7 -4 10 -9 -10 -2 7 -6 7 -4 -9 -9 -1 2 7
0 2 -3 2 -7 -2 6 1 -4 7 3 -2 -7 -6 -2 2 -3 -4 -4 4 -10 7 4 6 -4 -7 -1 -8 -2 5 -1 -6 -7 6 8 7 1 1 -10 -2 -1 -6 8 3 10 -4 -10 6 3 -5 -10 10 0 8 -10 -9 -8 -6 2 4 -10 2 -9 -5 -6 -5 -5 -10 -1 9 2 9 7 1 -7 7 7 3 10 0 10 9 5 -3 -4 -1 0 0
1 -5 -6 -10 4 -1 -5 -1 6 -4 -7 6 8 6 1 8 -5 6 -7 -5 -1 0 -4 -6 2 7 6 9 9 8 -7 -5 7 -5 4 0 -8 -4 -7 9 -2 2 -3 -1 6 -6 6 8 2 0 0 10 -7 -1 -10 2 -1 3 3 10 0 1 3 -1 -9 0 0 10 -1 10 -3 9 4 -5 -9 10 5 1 9 4 5 1 7 -5 -8 -10 3
7 -4 9 1 5 -8 4 -9 1 2 -7 6 -5 8 -3 -8 -5 -10 -7 -8 10 4 -6 -10 -8 -4 -9 -8 -2 -7 -9 7 -5 9 0 -7 -3 -8 4 1 -7 1 -2 10 -8 1 -4 -8 4 -9 8 8 -2 2 9 -7 8 10 2 0 6 0 -8 -1 3 -3 6 7 5 5 -9 -1 2 -4 -6 -7 9 -1 4 -9 10 6 5 1 -4 1
3 10 5 -2 -6 3 4 2 7 -1 2 -9 -8 10 8 3 9 -8 7 -9 4 4 7 0 2 -7 -8 9 0 5 -9 5 -9 6 3 -9 -1 -6 0 -3 7 4 -3 -5 7 -6 8 3 -10 -2 0 8 -6 -1 6 9 -9 -7 -2 7 9 6 1 8 -9 7 1 9 5 -9 7 7 -10 5 -6 0 9 4 -3 -5 5 0 7 -3 -4
-8 1 -7 -7 -9 -5 0 -8 9 0 -9 8 1 -3 -1 -3 -4 8 -2 -8 9 -3 0 10 -9 -7 -9 1 -7 -6 -10 -8 -3 -7 -3 9 9 -1 -8 8 0 6 -2 3 7 -10 -8 -8 9 -2 -7 6 -7 -8 10 -6 3 -9 4 0 9 1 -5 -3 4 -2 -9 -6 -1 -2 -3 9 1 -5 6 -7 -2 10 -6 -4 4 1 4 8
9 1 3 -8 -3 7 5 -8 -6 -10 7 6 7 8 -9 5 2 2 0 -3 4 4 7 7 -4 -6 4 -10 -2 9 -8 6 7 1 -9 -10 -8 10 5 -5 1 -4 0 2 -8 0 1 6 6 2 7 -5 7 -6 -9 3 9 7 -5 -8 3 -3 3 1 -1 2 -1 -6 -9 -8 -4 3 -2 -2 10 4 -9 -7 0 -8 0 -1 9
-10 9 -8 -3 -4 -8 -7 2 -7 7 -4 -5 -10 9 -7 5 6 3 4 9 -2 9 -2 -6 10 -2 6 5 5 -9 -2 3 -9 7 -7 -3 6 1 7 10 9 3 1 -1 -9 10 10 0 -1 -10 10 0 -8 -3 -8 -4 7 3 -8 -1 -9 7 7 4 9 -7 3 9 -2 5 -9 -7 -3 9 -1 -10 2 -10 -1 7 2 7
0 7 -5 9 -1 -7 -5 -7 6 3 -6 -8 -4 -6 -9 -3 10 9 8 -9 -7 7 -6 8 -1 -7 -7 3 1 -2 6 0 10 1 6 -1 0 -1 -1 -7 5 7 -2 2 -7 -1 6 5 10 -7 2 -1 1 -2 -5 -5 9 -4 -6 9 6 2 -1 -4 -2 7 -1 2 -5 4 5 8 10 0 -8 -4 -7 -2 -5 6 0
-6 8 -6 -1 -2 -5 10 -8 -5 -8 5 10 2 -1 5 -6 3 -9 6 -5 0 8 3 2 7 4 7 -5 -4 5 -6 -3 -6 -8 10 -4 10 -1 -10 -2 2 2 -1 -4 -7 2 -8 -8 1 2 -7 -6 0 0 -8 0 7 -10 5 2 -7 3 2 10 -8 -2 4 9 -7 3 9 -10 -4 1 -6 -9 9 -3 -1 8
-2 -1 -10 -8 -4 -10 0 -7 7 10 -10 1 -3 -9 9 -9 -10 10 -1 1 -9 2 4 7 10 3 -10 2 -8 1 0 8 -4 5 4 8 2 7 -8 -7 10 6 6 2 -5 7 8 3 -1 -9 -10 8 2 10 -10 5 1 -8 4 -3 9 -6 2 -5 -9 -7 0 10 -7 5 -8 -3 3 9 4 10 1 10 -6
-3 1 -7 0 -3 -5 -4 9 -4 -7 -4 -9 -7 -8 2 8 -7 1 2 10 2 2 -6 -4 0 0 -9 -2 5 -1 5 0 -9 -3 2 4 3 -4 8 -8 2 8 -4 -10 8 -1 -4 5 0 5 7 -9 8 9 10 -1 -1 1 -9 2 1 -2 1 10 -2 8 -2 4 5 7 -3 -5 9 1 6 5 -8 -2
-10 0 -5 5 9 -5 9 -10 1 -8 9 4 6 -3 3 5 -6 9 -6 -1 7 5 7 -8 -2 -10 7 -5 6 -3 -9 -3 -10 4 8 7 2 8 6 -10 9 -7 4 -4 -9 10 -10 -9 -10 -4 5 -6 -7 7 5 -9 0 4 -10 -3 -10 3 -3 -1 1 -3 -7 4 -3 1 0 -5 -4 7 -1 8 -4
6 -1 -6 3 1 6 -5 8 -5 -8 -2 6 -1 -4 5 -10 10 -5 -6 -8 -5 9 5 -10 -4 -6 -7 6 -2 -3 0 -9 -1 -4 -8 -8 -4 4 -10 10 8 10 3 8 8 0 -10 10 6 -2 -10 -3 -6 -3 -7 -3 0 2 6 -5 7 -10 2 7 -9 -10 -3 5 5 -10 -6 -7 -8 -2 6 3
-2 -10 -7 -2 0 -6 -1 8 5 1 5 0 -7 -9 5 1 7 -8 -3 4 1 1 -4 -7 -1 -5 6 -10 0 -2 -5 5 -7 -2 -6 -3 7 -7 -3 5 -8 -6 -1 -3 -8 7 -6 -10 -1 -3 7 -5 -1 -10 -4 9 0 -1 8 -1 1 0 -8 -2 -10 -4 4 -2 -5 1 -9 1 0 5 -10
-9 -2 1 -3 -3 10 -9 -6 -1 3 10 -1 4 6 -8 9 8 -9 -10 10 -4 6 0 8 7 8 -10 5 4 4 -5 4 8 -9 -2 -6 3 -6 4 7 6 -4 8 8 2 5 -2 -9 -3 -3 -10 0 -1 -1 -9 9 7 -7 8 4 2 1 -8 4 9 1 5 -9 2 -2 -10 -1 7 -2
9 1 4 -8 -10 9 10 -9 -7 1 2 -2 -3 -6 5 6 0 -9 -3 -3 -5 0 2 -8 -3 -7 10 -1 3 8 -1 -5 6 -2 -10 -9 -9 -2 4 8 5 8 2 -10 0 -8 1 8 -6 -10 -10 9 -5 9 0 5 10 -4 4 -3 -9 0 -5 9 10 -4 -8 -8 -8 3 -9 -5 -1
9 3 -10 5 9 1 1 -1 4 -10 -1 3 -10 9 1 -3 7 6 0 -7 7 -10 -9 -8 -4 -4 7 5 -7 7 -6 0 -9 8 8 -7 9 -8 7 -8 -2 -8 0 -5 5 -6 -9 3 8 -5 8 5 2 -9 -4 2 8 8 9 -1 9 6 -9 -1 8 -1 1 8 7 2 10 8
5 7 -1 0 -9 6 6 10 3 -3 -8 -8 -8 -6 5 -1 -4 2 5 -6 -9 6 3 6 2 4 5 -4 -4 2 -2 4 -3 -7 9 1 -1 3 -8 -8 8 -8 -3 5 -1 -8 -4 0 8 9 -3 1 7 0 -1 -10 3 -9 -1 8 -10 2 -6 2 8 -9 -6 6 10 -5 -9
-6 8 2 0 10 -9 6 1 6 6 7 8 4 -7 10 6 4 7 -10 1 -10 3 7 7 5 7 7 -1 -2 10 10 9 -1 8 -8 4 -3 6 1 -5 -7 -10 2 3 -2 -5 -3 0 10 -7 -6 1 9 9 8 0 -10 -4 -9 4 3 6 3 10 -6 -5 4 -1 2 1
10 -8 1 3 -2 9 0 -2 7 1 4 6 -10 -10 1 -1 -8 5 -9 -5 -6 -6 -6 1 0 -6 -4 9 -9 -7 7 6 -2 4 -2 -8 2 -6 4 3 8 -7 -4 7 -1 -6 -9 3 7 -4 9 4 -10 -10 -4 3 6 -7 -3 -9 -4 2 -9 4 10 0 6 -2 1
7 2 10 -3 -2 -1 -9 -8 -3 -8 -5 -6 -8 -6 -3 -9 -3 7 3 3 -1 10 5 3 -8 0 -9 9 9 4 -8 8 9 -4 -3 10 -9 7 5 -4 -9 9 3 1 -9 2 -1 -10 1 10 0 -6 3 -7 -2 -2 -1 4 4 6 -9 9 3 -5 -6 -9 6 -5
-7 -5 10 9 1 -10 -4 3 1 5 3 2 9 0 -2 8 3 5 -5 -2 -6 -5 3 9 -8 6 -1 2 -7 6 5 10 -6 1 -2 -1 -3 -8 -9 4 6 8 8 5 -9 -4 2 -8 1 -3 -5 5 -7 -1 3 -3 -1 4 0 1 4 10 -6 10 -1 -5 -4
-5 -10 0 1 8 9 -5 -5 -10 4 7 -5 -1 9 -5 -2 -6 9 5 4 5 -4 -2 -2 -9 -3 -10 5 4 8 1 2 -8 -10 7 3 -6 -5 5 -8 -10 10 3 6 9 5 10 -1 -7 -10 6 -7 -2 -5 -8 -4 -10 -7 2 1 -5 1 4 -5 0 4
6 -2 -9 6 5 -5 7 6 0 -2 9 7 3 2 2 1 -2 -8 1 6 2 -10 8 6 3 9 1 4 1 -10 7 -3 2 -8 8 7 10 3 -5 2 7 5 -2 -4 -4 9 -7 -4 2 0 -6 -8 -9 -4 1 -3 4 -10 4 7 1 10 -10 5 -2
7 3 1 -7 7 -6 -1 -6 -9 -10 -5 -2 2 -1 -5 -2 -5 -8 -3 6 9 -9 7 9 -8 1 1 3 9 4 6 -6 3 -1 0 3 8 5 2 6 -9 -4 -8 5 8 -1 -9 -9 9 1 8 4 10 10 2 -6 -3 -6 -6 -2 8 -5 5 7
-5 2 5 3 -10 8 5 3 0 -3 -3 -2 -2 -4 0 3 10 -3 -3 0 -3 3 -7 10 -5 4 -8 2 -10 9 -1 -1 -4 -2 7 -7 2 -9 -1 -9 -7 -2 -9 6 -6 9 -2 8 10 -8 0 -1 2 -7 -8 -6 -4 10 0 -1 3 -10 -9
-9 0 5 9 1 2 4 8 6 8 3 -10 -5 6 7 5 10 -2 4 0 8 -7 -4 -5 4 -2 5 -5 2 -10 -6 -8 -8 -4 5 -3 9 -5 -8 -3 10 -5 8 -3 4 -2 7 1 -7 -2 -6 0 -9 1 -6 -1 0 -10 -8 9 0 10
-7 -4 0 -2 -3 0 8 -2 0 -8 -3 7 9 0 1 -10 -3 -6 6 -1 -3 4 -1 -7 -8 -4 -7 -10 -1 3 5 0 -10 2 5 8 -1 1 0 3 0 8 0 6 7 3 10 5 9 3 5 10 0 1 -3 -6 1 -7 -6 -1 7
-9 -5 3 0 3 -1 4 -5 -4 8 -3 -1 3 9 -3 -7 2 10 -1 -6 2 -9 -4 -6 2 0 9 3 2 0 -10 -8 5 2 9 -1 -9 9 -10 0 -8 7 5 2 -6 -6 2 -9 -9 2 -10 -4 2 -1 1 0 1 -6 8 -8
0 -3 4 8 7 7 2 2 8 3 -6 5 -6 -10 0 10 1 1 2 -7 5 8 2 -1 -2 7 4 1 8 -5 9 3 -5 -5 -10 -5 6 -2 -8 3 -10 2 -1 -9 -10 -6 6 -1 8 3 8 5 9 5 -8 1 5 -5 1
9 1 -4 3 10 -8 -8 6 4 2 -3 -3 8 6 2 2 -10 1 5 9 -9 0 1 10 -9 -7 0 -8 9 9 -8 -9 2 -9 10 -9 -6 9 -7 -1 -4 -3 -10 -8 -1 -8 -10 -1 3 1 -5 -2 -9 7 -10 5 9 2
-5 9 5 -3 -2 3 9 -1 -3 5 2 2 5 7 -1 5 5 8 6 9 8 8 -3 -10 6 6 -6 1 1 -1 -4 -1 9 8 6 2 -8 7 -9 -2 3 9 -2 10 5 7 -10 -4 -9 1 -3 9 -2 -4 -4 5 -4
-4 -4 -1 -9 0 7 0 3 6 2 -1 10 -6 8 5 2 -3 -9 -5 10 -10 8 -10 9 -1 -4 8 -4 -2 0 -10 6 2 3 -10 -8 -6 9 8 -6 6 6 -10 6 3 -7 -2 9 5 -8 6 -8 -1 -7 -5 10
6 -6 -3 6 0 1 8 2 3 8 -7 2 -10 0 4 5 -4 10 -6 -9 -5 -9 4 10 -3 -5 -7 -8 -2 -2 0 10 1 -3 -1 9 9 -4 -9 1 -2 0 -6 10 -5 1 -4 -8 4 -4 -2 10 -6 -3 9
8 -2 2 -6 6 -4 -4 0 1 -4 -2 -9 2 9 -2 -1 -6 5 -8 6 1 -9 3 4 8 -10 7 -7 8 -8 -1 2 2 6 -6 -5 0 7 -10 -3 10 5 -3 -3 -10 8 5 9 4 -8 -3 -7 6 7
2 8 -10 -10 7 -6 7 9 -6 0 4 3 1 -10 8 7 -1 5 -7 -4 -7 -10 10 1 -10 -7 0 -3 -4 0 -5 6 6 10 -3 -8 7 -5 -8 -10 -3 0 8 4 0 -5 3 -9 -3 -4 -10 -1 -5
10 -3 -1 5 8 -5 -7 -3 10 -3 1 1 3 9 4 -7 -3 -4 -9 8 -1 10 4 3 -9 7 9 8 8 -7 -6 -4 -2 4 -9 -2 3 -5 1 1 7 3 8 3 -2 10 -5 -2 -2 1 -10 2
-3 -3 6 -1 2 -6 -1 -8 -3 -7 5 1 -5 0 3 -10 1 0 -9 -10 6 2 -5 -9 9 -2 3 0 -8 -5 3 -4 9 1 6 0 -8 4 3 -8 -6 2 -7 -1 6 -8 8 5 9 6 1
-8 -4 -1 4 -2 -2 3 9 7 -7 2 10 -1 -7 5 3 4 -3 3 2 -5 3 3 10 -5 -3 -6 -10 -8 9 -3 -8 9 5 10 -1 -5 3 -7 8 -6 -5 -4 -3 -9 0 -4 -3 -4 0
-6 -3 8 -6 -8 6 -7 -1 2 9 -1 -2 2 3 -2 10 1 -6 -9 -9 -6 3 -2 7 -7 -4 10 9 5 9 -5 2 3 9 9 5 -7 1 10 -1 8 -6 7 10 -4 5 -7 7 -6
2 1 7 1 8 -6 -6 3 3 -2 0 -9 -1 7 3 9 -4 6 2 4 0 -7 4 10 6 5 -9 -2 8 8 2 -2 6 -2 8 -3 -7 7 9 10 0 8 -10 -10 -5 -7 -9 7
6 -1 7 0 -2 4 1 8 10 -2 -6 10 0 -6 -3 2 -1 -3 10 10 -4 -3 6 -3 -3 1 -6 -4 -8 -9 8 -10 1 1 -3 -1 -1 -4 7 6 7 -6 -7 9 6 9 5
-1 -1 3 2 0 4 -4 -1 0 -7 4 -3 2 8 -7 9 8 6 2 -9 -4 3 3 -5 -7 10 -2 -3 5 0 -1 -1 -3 5 4 2 0 3 -9 6 -2 5 -8 -2 7 4
-2 6 1 -1 0 9 -2 8 6 -9 4 -10 7 8 -10 -10 1 -3 -3 -5 5 -9 6 -8 -5 10 0 3 -2 1 0 -7 2 2 -4 -6 -4 -8 0 -10 -7 0 6 -8 0
5 -2 0 9 3 4 -10 -2 0 -6 2 1 4 -8 6 -9 7 -2 5 1 -1 -9 -5 1 -6 6 10 -2 -4 -7 6 6 -7 -3 -8 8 0 -8 -5 -10 3 7 1 8
-3 10 7 7 2 2 -3 3 4 -6 10 2 -10 10 -3 7 2 8 -5 -6 4 -10 0 -6 8 -5 -10 8 -9 -1 6 -3 -4 -5 4 -7 0 10 -5 -1 8 -4 -9
2 7 8 9 -1 -1 -10 -8 3 7 0 7 -4 -9 3 4 8 -4 9 0 -3 -9 -7 -4 5 -5 -4 -1 -2 -9 -10 8 2 -10 8 8 -7 0 -2 -6 -3 5
4 -5 -2 2 5 -2 1 1 4 9 -1 -5 -6 -5 0 -4 -9 8 -4 -6 1 4 9 1 -4 -9 -4 6 -10 -1 -10 1 3 10 6 3 -2 5 -2 -1 -10
0 6 1 0 -9 10 1 -10 9 -5 -10 -9 -9 4 6 6 -5 8 5 -10 8 -5 0 2 -5 4 1 -7 -7 -9 -8 -6 -10 -6 3 -4 7 8 8 -3
-7 -1 7 3 10 -9 10 -7 -7 0 -10 5 8 6 1 1 -4 -10 4 -8 2 7 -7 -10 -2 -8 0 -8 -6 1 2 1 -2 9 2 -10 -2 7 10
5 10 -10 5 0 4 -4 -5 -3 2 6 10 4 -8 3 7 -7 5 7 -4 -9 7 -5 10 4 8 -6 -8 2 2 2 -8 0 -3 1 0 8 1
10 3 -6 -8 8 9 7 9 10 1 5 3 3 0 5 7 8 -9 2 2 7 4 1 1 1 -9 -10 -10 -9 -7 7 8 3 -3 2 -7 9
-6 10 5 -8 1 5 4 6 -4 10 4 8 1 9 9 7 -2 -6 3 0 2 6 2 -5 -2 2 -5 -8 -8 -4 -2 -3 3 -8 7 -4
-7 9 -10 -9 -2 3 8 10 -8 7 3 -5 6 10 2 2 4 -8 -3 -3 -10 4 -9 6 -7 -7 1 -8 -4 0 7 -5 -7 -8 -10
-7 -8 9 -7 0 -4 -5 10 0 -2 -9 2 7 6 5 -9 3 7 -1 9 5 0 -1 0 -1 10 6 7 5 -1 0 4 6 -4
-1 -3 9 2 1 10 -1 9 -8 -1 3 6 1 7 6 0 -1 -6 -2 -7 8 -7 4 -4 -7 -5 1 -9 -4 -5 3 -10 5
-9 -9 -7 -9 2 9 -7 6 4 -3 -7 9 1 -5 5 9 -6 -3 9 4 -8 4 8 6 -7 7 3 9 -3 3 -6 8
4 5 3 8 -7 5 1 3 -1 -6 6 -5 7 -4 -1 4 -7 -3 -5 -6 -2 1 7 6 3 1 9 5 5 -8 -3
4 6 9 2 -8 5 -8 -7 -5 -10 4 -7 1 -7 3 3 4 9 -4 -6 1 2 4 -6 -7 -4 -3 4 -10 -8
4 -2 8 -6 -7 5 4 0 -8 2 4 9 2 8 3 3 0 -10 -9 5 -5 -9 -4 -7 -1 -2 8 -7 1
-1 -1 1 -7 -2 -1 -3 2 7 6 -8 7 3 9 -4 6 10 6 -9 7 2 6 7 -9 -9 -2 2 -2
0 3 2 -9 2 10 -5 7 8 0 -9 10 2 6 -7 9 -9 -10 0 3 6 -2 -1 -2 2 -6 5
-4 2 -5 -8 5 -7 -8 0 1 -3 3 8 3 -3 3 -3 1 3 -8 -4 -5 5 1 3 1 2
-3 -8 0 2 -5 -9 7 6 10 -7 -6 -3 -9 -5 -3 10 -4 10 3 -9 -5 -2 5 7 -1
10 -4 10 5 -4 -1 -9 2 3 5 5 -8 7 0 2 6 4 0 2 4 -2 -6 4 -6
-7 -2 6 -2 -1 9 6 -4 -8 -1 7 -3 -3 -6 -3 -8 6 -7 -8 -4 3 -5 3
-4 1 8 -10 -2 0 -5 9 -10 -9 -4 -2 10 9 4 -5 -7 9 -2 10 -6 2
6 3 6 -6 3 6 0 2 9 8 7 4 5 -6 5 2 3 10 3 7 0
4 -1 7 -5 1 -4 9 -3 7 -10 3 8 -10 7 -9 2 -7 -9 10 3
-3 -8 5 -10 -4 5 -8 -1 7 -5 -5 -9 2 -9 9 10 -4 -6 -1
-1 6 6 4 -2 -1 5 -10 3 -2 -4 8 4 10 4 -10 9 6
-6 -3 -5 0 -7 8 -10 -10 4 -6 -3 -2 -9 -9 9 -2 -10
-7 -3 -7 5 -7 7 5 10 -10 9 -6 9 -4 -10 -2 2
-10 -10 -6 -9 -3 -7 -3 -5 1 3 9 3 0 -7 4
10 1 3 -2 -9 -10 -4 -5 7 -5 -8 9 -10 -10
1 -1 -4 -4 5 -7 -4 -4 -1 -7 -9 -4 -3
2 3 -3 -10 -4 -4 6 7 10 -1 -4 6
-2 0 2 -6 9 -5 -2 10 0 1 5
8 -7 4 -5 -3 9 -2 -8 -8 -9
6 7 -8 8 -1 0 -3 -10 -2
-4 4 -3 -7 -8 1 -2 9
-4 -4 -9 7 4 5 -9
-4 7 9 -8 10 -6
8 4 -7 -5 -10
-3 4 -7 -3
-10 0 4
-1 2
-10
