50
22 14 15 3 23 18 12 18 25 7 22 14 5 3 14 12 19 12 12 22 15 21 8 7 23 3 23 11 23 17 12 8 2 12 18 11 5 21 18 13 14 10 21 9 21 14 22 13 5 1
1 3 5 8 12 15 16 17 18 19 22 23 26 28 31 32 34 36 40 44 46 50
2 4 7 8 14 16 21 24 32 36 38 43 47 49
4 14 16 17 23 25 26 28 31 32 35 37 39 41 50
23 30 33
1 2 3 4 7 8 13 15 16 17 18 22 24 25 27 34 37 39 40 43 47 48 50
6 7 10 18 20 22 23 28 29 30 34 37 40 41 43 45 48 50
4 7 14 19 22 23 31 35 37 40 47 50
2 10 12 13 23 24 25 27 28 32 33 36 37 41 43 45 48 50
1 5 7 10 11 13 14 16 17 18 21 22 23 24 26 28 31 34 37 38 39 45 46 48 50
3 8 21 24 27 28 33
2 7 8 15 16 18 19 22 23 26 27 30 31 32 33 34 35 36 41 44 45 50
2 3 5 12 16 17 19 28 33 36 38 40 47 49
11 17 24 40 41
7 8 31
1 10 14 16 19 22 25 32 34 36 39 40 44 46
2 18 20 21 25 26 27 28 29 36 40 44
5 6 14 15 17 19 21 24 26 29 30 31 32 33 34 36 37 45 46
1 2 9 10 11 16 27 31 38 41 43 44
3 6 7 10 11 15 18 27 32 38 39 47
3 5 10 14 15 17 19 21 24 26 27 30 31 33 37 40 41 42 43 44 48 49
6 12 15 16 17 18 20 22 24 25 31 34 39 42 50
1 4 9 11 13 17 18 19 20 21 26 27 34 36 37 40 41 42 43 46 49
6 7 9 21 25 31 32 49
3 14 17 42 45 46 49
1 2 3 6 10 16 19 22 24 30 32 33 35 36 37 40 41 42 44 45 47 49 50
4 16 29
1 3 4 6 8 16 17 22 26 28 30 31 33 35 36 38 39 40 41 42 44 48 49
4 5 6 7 16 17 32 34 37 41 42
1 6 7 11 13 14 15 16 21 24 30 31 32 33 36 37 39 41 43 45 46 47 48
6 7 10 11 17 19 20 21 27 29 32 34 37 40 42 44 50
3 10 23 24 26 27 31 34 35 39 41 47
1 15 19 26 42 46 47 49
35 36
3 9 18 23 34 38 40 42 47 48 49 50
1 6 8 9 11 16 17 29 31 32 34 38 40 42 44 45 48 50
2 8 10 11 23 33 34 37 43 46 50
1 9 18 23 44
2 4 5 10 12 14 18 19 26 27 29 30 31 32 33 36 37 40 41 44 49
1 3 5 9 13 17 19 23 27 28 29 33 35 36 37 42 49 50
9 10 17 20 21 22 23 24 25 28 38 39 45
4 7 8 16 22 27 29 32 33 34 42 43 45 48
4 5 13 14 15 18 20 26 34 43
1 2 4 5 6 10 18 20 21 23 25 27 28 29 30 31 32 40 42 43 49
2 5 6 8 9 13 28 32 34
4 5 7 8 13 18 19 22 23 24 25 28 32 34 38 39 40 42 47 48 49
3 5 9 10 13 26 27 28 29 32 33 36 37 48
1 2 3 5 10 12 15 17 22 23 27 29 30 33 35 37 38 39 40 42 46 47
3 5 9 12 17 20 21 22 25 27 28 45 46
20 29 32 34 44
13
9.457253509586007 -0.7782452151489299 5.614967773103803 7.212240643877706 1.8916689040305208 6.235685638685858 -3.1185592721162987 -4.824392806561669 4.724484501251494 7.112614696356719 -8.383527142103818 9.933892986692669 -6.930544400247509 -0.6176108948175507 4.504874353587917 -3.5771058752605427 3.4851595362359955 5.743305634795215 -5.118019160852865 0.8905933499840195 -1.1845630463296466 -6.782687993408823 4.2265669127677 -3.0895352172762047 1.918350957141655 1.0666376654131646 4.1734924956468 -1.059172999315427 -3.221925688005731 0.8822332629931235 9.048423684438696 2.0357447672018445 -3.0411635862124875 -1.68748657186166 -5.079619388898264 -8.807304336544124 3.169498515939024 -4.521847332791545 -2.8399059416537797 -5.863071593044637 7.340970072297139 -9.171398024062094 -5.935484889291769 -6.716467519800913 -5.32902571967637 -1.80742899626817 4.917840044496591 9.05153247512855 5.081064892271915 -6.123295016393593
2.356672146486316 9.68503464090329 -3.685588298122644 0.1024428959813477 -5.537073415753535 7.9305031651318 1.712723928868435 7.861078803297808 -2.536887618588506 1.7232184818731273 -8.582395279679123 8.473628535953573 -2.316604858358944 1.1797431114868502 -3.899036456742138 -1.8744900749354176 -7.6809977813754315 -0.600363990696275 -0.38322852053112655 -9.187603211801 -7.788576453683542 -6.418976789156972 9.172750177352395 9.452864067068138 -4.6259604547628115 8.677308391250982 -6.656731312524469 -2.280929034506835 5.2430316471029155 7.8841022765545326 4.919290964755216 0.1520903672907714 2.399554930797013 -5.227554544370674 5.9726189711412765 -1.0679524897605148 1.5844089273440183 8.219356297450727 -0.05579478887538514 -3.6776530141041768 -1.7354967352965662 0.18506206559607108 1.8714052035130546 5.335663796494142 -2.633904632719277 -0.6431812921822235 6.6052457759284415 -9.140862055745496 2.5104446184192355
-0.4385709228865302 3.4351668734726637 -6.673833256632538 2.8976087119756873 -4.5983869159279145 6.126721959578795 4.14509664464868 -5.843020543269802 2.069424146033702 8.168993761478696 -3.7646051866721493 -5.175849962768641 0.3012863258772054 -5.334675326539626 -5.00850552103957 3.307885488790678 8.079879437879935 0.5572310386634367 5.569236271206703 -8.872039877680567 5.265277546011355 -8.636316744231129 0.1575894310808046 -6.4218413104450285 8.658803657169901 6.454661097263806 2.7960275041141998 6.549531844828728 -7.132514072448684 0.2930516952897655 5.096453601712046 4.633842970780119 -6.113919701378398 -9.002910604624388 0.5611081098666446 -5.891164821957968 -1.6908327009248936 -1.7710869162035188 -0.6599671302977956 -1.827794303913965 -2.45205058855547 -7.01556619698009 7.360440533476279 4.746709665020161 -0.8240098404360214 3.9410752401760156 4.9065404246187825 9.798111346989021
-0.12585832278825215 -3.350840389062519 8.495303074985852 -9.795196340357709 1.4369287818932435 3.027838498595967 -5.710585511883566 -2.58167775203221 4.924628547935397 1.2282404265050033 3.813180290925672 5.431691410270439 1.3907275896233546 -0.18352683981573925 4.9160461817108665 3.1478279913054052 -9.301547878266017 -6.96694705025126 -9.01659426767742 6.545821455892131 7.5283459524399134 1.1202811266176038 -5.840896251426859 -1.8690709132773105 1.7783582639783404 -3.5360546776909763 4.615660519011763 7.188030881614516 -0.8315734376488741 -4.629187442672813 -6.288539239155626 -0.40070074603145756 -1.4061555046192211 -7.510399704268309 7.918958960866146 -5.5556211794509665 6.257131875704843 -0.5151914169193628 -6.14715378246697 1.2420314803499686 -3.578025302459052 -5.148782053121385 4.593973030270902 5.9148130863787145 -9.827336585389242 4.918348497071182 -0.6594004930423676
0.7011224507592662 2.480820132131038 -6.871202928252831 -9.870000069188563 0.8884724126733374 8.405097053146854 4.250642610992335 -2.6098236887114883 5.271008592923481 5.838811311604665 -5.515873029397486 -5.595959818915668 -0.036444140747551756 -0.17589380651924813 -9.565892292089515 -3.2606448222176354 1.2418868606863462 9.999843659966277 -0.07885688431620963 9.292672495636506 7.9791479278093576 -8.410703062952534 -0.5156361488175207 9.264388549136523 -7.985446384270356 -8.880264272629248 -7.043174958325826 8.39745731147736 0.5277570260479614 0.057815766276423375 5.580948340504017 -3.904872410464466 -5.79485509771864 2.6277957161449415 -5.043057264650104 4.202081967755809 -5.636965318633171 4.065877672426044 6.011789844067099 -6.353770077227702 4.4969945571564125 5.190548815597333 -6.912253914900153 0.39243520555439915 -3.4792376607313074 -7.874646928486014
8.513330348446011 -6.807444493751646 0.13599421552642887 -8.114717264093658 0.9672470665702892 3.9108981891876873 6.889792653893476 2.5996740925592547 -5.7919276795129715 1.5028419528630508 -6.955386215198214 -3.6074695064810562 -1.5426340122086017 -2.701375583183836 2.1708378798280332 -9.358494638088379 -2.989591964246692 -4.766634634073224 -3.615119698315148 0.2702202915644687 -4.174085871505387 -1.3764206097549483 7.238933388862165 9.245938237883578 7.5061487115517025 7.9381489176324855 -0.9266997640254342 7.625064792857806 1.6940388676921199 -6.738888726804455 -7.773512334682382 9.275016117098183 4.693408881367702 -9.065259055075114 -6.5240935823385175 -2.842943292234372 6.549611251619936 8.357621695241512 6.062433266255727 -6.8054185228141435 -5.354454239438939 2.753964213853024 4.701583145927696 -9.328839512709042 -4.1130030234462716
-6.2303029598677 -1.2683213669464362 3.4513906091374302 1.4275141128831432 -2.1685035640525925 7.961340162809588 -0.578256635527568 -8.524911240166782 -5.99897653742951 0.6033223930732987 -6.609796449579697 1.6598148749177621 8.05978224154903 -1.415798591963668 6.89491685945929 4.413569481553527 5.44494376289766 3.458651210830915 -6.488875956413946 -1.9178835742098972 -4.712551331180059 5.916398570680531 5.915356119055119 -7.625215480154742 -2.207322362306801 -9.47498496597599 -0.30372775122492257 4.238421827131644 -3.7534701026888717 8.939884634768458 -4.0166929175219686 9.762046230731514 -7.771545654059302 7.058838185366611 7.330150947453319 3.491422577804901 -4.900098472235128 1.8177617475084382 -4.930591870559926 7.6369687521394205 -0.9747441433464026 -6.5147892295537835 -8.613430284015271 7.632176950574507
5.106778197458974 -8.437914012618219 -5.363827407771651 7.1824026729086015 -8.294685843241076 -4.545002113097225 -7.457005073322498 -4.8924541516372155 -7.1598763326135 -6.162355513298032 -1.1841154887264693 -6.931406016286621 -2.8901969894705264 -8.961509444433847 -5.0316422058881205 0.1493865370450571 -2.767287866766452 -0.7795900062500305 2.568347856670412 -0.08590425575676797 -4.173986445418665 -9.960778553493313 -8.325120631671396 -6.330484999677286 -8.259889014523914 -2.441116664542742 1.5715433862808066 -8.533404534880502 2.4374015198576426 5.628641552874763 4.88839038376296 1.0444888827159353 5.571856190847642 -6.998811296867256 1.9520979509980698 -3.889883585000991 0.4045166439507213 5.483228976982241 -3.6289229135655248 -0.18488001174944557 1.5067553054965277 5.627013402114628 -3.446592181112063
0.29233618725783117 4.238402359051268 0.16474533384279333 2.691842861484652 3.768305262118332 -8.431419044834028 3.048383740397613 -5.9370324461323465 -9.787846931762115 8.625131189427627 -4.144078357073311 8.802740473605002 0.41712187495811115 4.202251916143442 7.537994663902712 9.188004123943546 -9.66929573696964 1.735652688841455 -3.9567671903053885 0.005386406531185273 -2.458282147197501 -0.9139821995459911 6.275757240580383 -7.35067865293213 7.432666621325062 -1.2540174287750645 8.650534940237925 -3.946473517302169 -2.924237630642561 3.1762907235670372 -8.018393275191434 8.58483261702563 -9.386452715339015 -4.308945719661834 -9.265852839021523 -3.635108767138817 -1.3512766744064475 3.4224682228695293 0.9174634098867873 -2.5071919634628648 -6.589191287344489 2.5880772791297684
4.454987183807953 -3.6001978078337977 2.4668537831324393 3.5949939056415907 -9.433212450377585 3.7858541042535965 9.981138444783927 -8.614691265468256 9.42727891814917 1.5837196740502009 -4.690045134753802 -0.3794635965766968 3.434753594852097 4.944991238721352 6.213656310273315 -2.2701194754142158 5.501817720033962 -2.6642862673541057 -1.891499633022935 -0.3899382392771997 2.656033977538373 -8.765828894534213 3.256391036729271 6.333263067832505 8.749585299346524 7.815223828347371 2.4381814642397632 -7.120156149652377 -5.202942156761616 -5.710281257868535 1.4989742202617933 -0.11149180230204081 3.6371465871109 -8.671020526825773 1.2810747438614545 -1.9324500298272653 -4.492925324311194 -9.584118440947954 -7.629287981386037 5.190480587053397 9.507026216308631
-3.1446664644312055 -2.454614368685297 -5.160898624225718 6.9675393319002445 1.1829330015424215 -0.33556085953877535 -1.3730539103617296 6.55409050319183 9.502651113417514 -0.3065476380584382 4.648537302758452 8.485308403531906 -0.13485498117731076 6.986908427755729 0.5630466667571241 -2.9314317822707263 8.949109307475368 -7.836399129906752 -0.10005263832604427 8.712122830515305 0.9546986219564584 8.837397441162068 0.6674509380120561 -2.8954403830197144 3.425539479326659 9.98208123997761 -0.3432033772033076 -3.144010603975498 2.3555701961848374 5.664938059647579 0.7506200877883362 -7.937919382052813 2.7284534320670453 -7.808804230851367 -1.8727852308298658 -2.6425294438987805 -8.042955158750065 0.5996258759285471 -6.331242436377131 -2.7739025703323765
8.382085932356205 -0.5121658015358506 1.9282458808451697 -4.3413282060916 -4.61384151064302 -8.412194309287642 -8.78572443289528 1.5030026042958227 -2.46280262132871 -4.309576047893142 -3.787788093349647 3.9772972762741787 9.049727058920865 -6.392046765250221 6.9695268778405115 7.913660605843326 7.038992947226607 6.808818843919603 2.7947470110847465 -7.248148496139796 -7.693945267934518 2.1277411987747303 8.41039120307546 9.489866478599492 7.87920653837714 -8.550150808043435 1.7080448462866684 3.4187020816687745 4.264478150478741 -8.48691978737643 3.1996849813912025 3.8549188634082316 4.272895430910079 -6.691373050179217 -3.738873624004597 -5.229106092965969 1.9539300932252246 3.053092721755373 -4.801033387346056
4.404320653107565 9.517197748004673 -8.947192325033967 8.996212724809734 -8.354416842794365 6.335272919627606 -1.704600313323649 6.208991477637447 1.6828300385599135 8.59455471606125 -8.909094775764359 3.3277927888474537 0.2548664751388898 -6.843101561163896 7.731069419392949 -2.2630206899533656 4.279549906594337 5.3347062131968475 -5.648082714589626 -1.4383743097813593 -1.2236608336210413 -9.97727210186283 -5.762120840364828 2.6263337123006743 -0.7445613784287435 9.010520364417921 -9.558757926240876 -7.296751777863848 -5.224160747526803 -5.455455496024286 -3.990617447496221 -7.054888061115814 -6.036171125441012 5.14209220538455 -0.588606319594005 3.7885121834142588 -1.06513530092837 1.7003913826943577
7.843754072192766 -7.945165570522576 3.3793419441838886 -6.864625909038002 -9.723101384494633 1.851383034452068 9.28022971352705 -3.7634340115380667 3.1688234454809017 0.13191261734713855 1.7723388557302293 -7.925900271776481 2.5845224175085484 0.28993686402712626 -5.3306187376347385 3.7449951210422228 1.349672931950991 6.652282642853404 -5.268454262988467 -4.610585352021175 -3.593090603537905 -2.781530175049083 0.42854053421733873 -1.627180298048616 3.15365235580337 2.4288216341332607 8.023914804202967 8.565312602375581 -5.707744050180961 -2.6899776106810798 8.857375831286024 3.7374847110279763 -3.5709657994634565 -4.28078351933995 -1.9334879036986745 6.9641437180622 6.229039494011332
1.002100182192219 5.618777972561615 -5.063687056968855 -8.424138561430315 -3.936748510841202 -4.78389036672522 -9.371099586244082 2.8169234208566802 0.7557430773887823 -8.917596326570223 -8.548310160893424 8.42935750642473 1.483187280939127 8.395133004344984 -4.540990024691631 -1.4743968068959372 4.7456652014033285 5.199295377804269 -8.011193417338749 -2.2375515668479773 7.521804056641159 5.815070965197609 -7.648095599729794 9.986247622513599 5.220912696706282 4.8038816122314305 -2.573676530616005 -8.560561033460823 4.012057203934315 1.1632278844953188 5.4441043382720515 -5.935123614789832 9.946687826214106 -8.297880625168188 -8.100731484553334 8.221899257395378
-6.305895613245969 -6.48230533083801 -2.2487443460059087 4.5913804452696745 8.463495984212383 -7.129595842074341 -9.864822294472495 5.112853586839661 -8.991532561792095 -7.180712581909614 -9.682010958532421 -7.3910282507786444 -3.862688065581777 -1.4631181888338318 5.805656624566124 -2.7395920641815046 -0.9220204784262016 8.453057305084165 4.905155204770564 -6.344017261536521 4.838593999770488 3.786297701872387 4.884420654691743 -8.969001166595408 -6.238367244374108 0.35971201097667915 -3.1733382651555804 7.701887702163702 6.411331607425527 -3.8666894725850787 -0.39278756682798566 -8.336233606490408 6.53698350719651 6.447533678390283 0.1089981615329112
6.1481128049460345 7.241391621023613 -7.57782116292633 8.034897734784423 5.930824494842554 -2.5600033033728753 -2.2605428310917812 3.5053678853869634 7.675786282208939 4.682700889920479 7.989856983826712 -2.151919147285943 9.591462793580895 -9.880058006264509 5.228471062529147 5.837474343375126 -0.6531144117710692 -2.007387010961059 -7.063841629431007 1.1856981290378688 -7.995343337943046 -1.47000131070239 -6.444609366715199 1.024873827777224 4.942420429928987 6.2273814028599475 8.113720823868235 5.854279751308189 -7.325180863039396 0.9469376072833331 -7.3789605045804585 -7.835265917627403 -8.77072642935309 0.12885554933629528
6.121832769242516 -0.37853909747905945 2.641791099722644 5.932559096720539 -7.186877707587984 5.914186791078507 -1.33276113041196 3.437730750743535 2.1283022770984683 3.9645736997012513 -7.60207627029756 -0.6192811254661414 -6.587344772062718 0.07449004425517458 8.95765793069777 -6.789012250121187 8.184983098151314 8.262432306935427 5.406510580287181 -8.714110120338079 1.2574744497958612 -4.380304972933057 -4.408854427875553 -0.5138788037947677 -3.4498939895894694 -1.1297042063101728 5.344699886107234 -3.3146465711793027 -7.898959208848271 -2.817101565571594 -5.439200377312156 5.405765541230114 -6.31226620088273
3.151644846443558 0.7962524743922277 7.470934496138948 -7.913165343033386 -4.990895569370513 6.3715335237614354 -6.806887356102422 -6.931229106202268 1.282901866456399 0.3812823586761578 1.2434699055380563 -1.7871479096117966 4.096281601595553 3.112750704785066 -6.169196199692211 2.4838019298867398 8.950321981350172 -2.6370979407350497 -9.939530110037042 5.228061556726454 -2.329216730758157 -5.811356450810392 8.807158390557028 -6.310351371118756 -6.564245864483449 -5.123767826271406 2.389349808114133 0.7326080024749793 -0.8264266584569473 -9.796847241054047 9.54894128242342 -3.813807363503539
-9.453900015173929 -1.435252490919222 -5.340917943039405 -8.316499875413673 8.697344306128688 -2.1552386026326182 -4.696194348009053 -5.32197491162081 8.34206750894879 -8.814305442833152 -3.51906849044608 -1.9108589317051319 1.580520117803319 2.5595166928639213 9.32109215422216 -1.135347069664709 -4.317817751797481 -8.130073049784649 -1.195332136836635 1.6756462784479176 -1.4982248778577585 -2.382087292070607 3.6894390488358333 -4.646148930999347 -6.4650149764228875 4.597620686194883 -8.361098583255494 -3.3764683421453974 6.653636670623079 -2.9011748864981275 -2.313229095328799
5.585381094791824 2.7482564719034883 8.308247166106636 5.80397635490298 8.025731370376999 -2.8676031238589577 -3.2269183143749602 5.001676845044539 6.162701313295422 6.480487185420166 4.8476141399562795 -3.2617650990425373 -7.638041563923634 8.76564576259127 8.464925933299526 -4.187790846912025 -1.8311302893211447 -0.10849344901262548 -3.3443621929830503 6.070627204650698 -9.564077808446951 -6.237038725883348 8.889821869379592 -7.9203505078469245 8.593479667706553 0.1912628004157675 -7.935236619104311 5.554910071800199 5.565745822933927 -3.9937565246878437
-3.3835784868514356 -7.668567611235688 0.22330578545278001 7.880707554348877 7.7938366412445745 2.1826912045965727 -8.333003169151425 -4.323794857311216 4.195241187203742 3.0148097801723583 4.668278723062016 -5.942969905988629 -2.3647347086331187 1.6097003212139498 -8.825694316294348 6.520010099543356 -1.9258339051033229 -2.510448307454938 5.79743954581552 7.120900524005286 -6.392611126518666 6.867612131339111 -7.25860225542773 -9.022903226320157 -7.1729803328345305 9.283020278969182 4.164505910169451 4.301346528926377 0.8205654574458539
1.5466777634197761 -2.5921867473054006 6.916692332341615 -2.4808713165278107 -4.8416368267064485 -7.200982380716603 -1.1988441099676095 -2.5688761983416324 5.457872606515403 -2.7988490462680637 5.898488555567994 9.09768322925558 6.404625038301241 -6.782860485633404 -4.625743108820741 2.313807933621545 -9.642449893798805 4.161286741692841 -2.5506937241212446 -0.6198625071323356 5.310328850395315 0.19761223240358916 6.963287566567807 -7.6475056786155005 -8.467792656583681 -5.551453740233121 7.218866468183688 9.26789079895488
6.97039434636773 7.570174524836123 6.6480165242731495 -8.40735786238038 6.953284686547214 -5.201499711881759 -5.706194572594423 -6.5296786979490795 -6.597995847498113 -8.355552498404897 8.107631661221422 2.012373441193887 -9.51939735875589 -1.5160992464163225 -8.063363853261096 9.621762435760669 -0.29309652029453837 -3.90583661715276 -4.468373391121316 0.882947463810309 2.418008011281689 2.7053792556262763 -2.9452511241000696 -1.6102419848786553 -2.462034755733143 7.489065933629298 9.361330450921187
9.41223007661463 7.392067423893536 -8.394266571209831 -2.9398224602891148 -7.483846641785443 -2.702889700629127 4.586597151472684 5.06537595370909 -8.389488289380719 -2.592879901972738 -2.390818724191175 -0.2866840750669315 -4.761658621040066 3.647213660087269 -8.583299476297892 2.3079599798333383 3.3649145296800427 -1.5062849664311138 6.916186967095754 -2.8462108663615515 -2.711500325237745 7.487780595005773 7.56190329773289 -4.376453261851079 4.3696348195902495 0.3491231504302821
5.309056006080901 4.117249402049996 6.7222525273987515 -7.645954526277814 -8.2383541385116 3.839407463596064 5.209768883871382 9.672603540814173 3.9367455918740397 2.838833912559622 4.300556247818427 4.745853875001613 6.822227703951164 6.562558547893957 6.009054515507842 -8.214609972007798 9.759525132731245 7.845882885711347 8.98192521529582 -8.573395822919327 7.685313830171246 3.8382917666163117 -4.3881903825276165 5.010141750564214 2.551218180836326
6.90474616499484 -1.8140821902173272 9.720512018993254 7.226873584866254 0.02284561425561904 -8.238981054093095 -6.856601963288704 -0.05511677977968077 -7.541764566281605 -2.1335569031866486 6.03947289409539 -7.765970177654522 8.764936483711036 -2.568976660664088 -1.136148098514063 -8.756640304540742 -6.619180527361353 -6.961902718284292 8.959804811651008 -5.878574057931701 -9.098896083067148 -6.709326696264261 -1.3972388372322264 0.07418293200601234
-7.029935932938187 8.464307424492162 -3.3951512222523466 8.01727074061207 -8.672972827164624 -4.553311506746924 8.734879728553427 -2.9713258768757473 -3.154488717654673 1.2907892908243 -5.970962235009985 6.224276020012084 -1.31858334836571 -6.554554854413626 -0.497307557486641 -7.2189079002125816 -2.2809935450740193 1.8069508687510947 -5.85746973011619 9.772268470643606 0.23691674979345834 -7.996057676466113 -3.5415946222843626
4.890284895190218 6.091815345521059 1.0889498770953754 5.263620095253625 0.7622029737931264 -8.651747133851568 5.557201079301064 3.8678713534380336 -1.2738376859078215 9.434416780411958 2.067724915130567 9.367938213895798 -8.851534915710461 -2.119521667329143 -0.6466177717405426 -1.4379665422495354 1.3773628106635378 -6.5868092066659 1.46933368151684 -8.616092555942314 3.8229726605461565 3.878376674468571
-7.262643621431559 -1.5354574540976689 -7.1512566973460405 7.555552816877995 -9.762380164620769 1.9473519713371257 -6.641524062783104 -3.848005471429998 -7.998366546077533 0.5465497001394493 -2.7877042183735146 -0.7320967563245766 -7.074657718844833 0.4342686769747104 -6.128802014163219 3.2046052717701112 2.1945193854915246 4.983025662777308 0.6616240930462247 9.169602593051202 3.3061054139845414
0.3037830714936156 4.511296767874718 -9.886013763267613 -7.491121228912991 4.482321128712359 -4.838544751941827 -9.083473532127122 8.126410319508928 -0.7626883672719025 8.301642805343135 6.650356144817827 -2.6623354799344323 -7.843317644843157 3.3948096814964863 5.35367466574815 -7.814494487388983 7.1493007096613646 0.7364074190604892 8.524635995048147 4.306490102269828
-3.9588320883679256 -9.250347758697652 -2.9813027180916336 -5.281318307499001 -0.26744190719994343 -8.141089859645191 1.7618169603924638 -7.8777789239707285 -0.6821601994788633 9.970903322028075 -5.038440424573705 7.366680221594322 -2.7624967214274188 -8.112513043729475 2.4390461152091305 -9.213518092229243 3.785528000666572 -0.8344710101962978 1.473366510476172
-4.929582626569678 8.32303126304453 6.095763222297773 -9.454547648886118 8.574832851989093 0.2228605364112326 4.874758297478557 3.7611318508969465 -7.795330773256561 6.544446317125942 5.681433152554046 3.4567314885203047 5.954470894126036 9.308117762198883 5.771418767297705 4.941707151258015 -0.29191524087894116 -2.950307622900974
3.4883313262845235 9.900791131702597 -4.714871735762644 0.7002908373315115 -8.086096790123126 -5.313103992888588 -6.77689451774328 -3.048854087691013 -9.329566854736488 -5.284042875952211 -2.1992419771583016 9.224438017220187 -1.1614559006910312 -4.620724735021213 -4.245390818889431 -3.8359624845942353 9.052464375088597
2.8300738248617883 5.864103139781955 -4.232221945341523 0.5358460402546896 9.562395750116043 4.764925228707394 -4.001221026789925 0.7972006735388231 -5.912979795814111 -2.532850479541078 3.9149547674516523 5.846222202167633 -4.098298024772995 9.59773425910804 1.1071110692351045 -1.941391931572392
6.147854761804222 -4.069641127444486 7.5660768904927025 -8.618349670578008 -6.088751382184119 -0.10015966792124686 2.7557827370830967 -8.358740802317277 -6.430676761206824 5.573809119828738 -9.337858989292478 -4.540815819092714 0.8754818951139676 5.347801773335085 5.980590917141866
3.5665298064287505 3.0966365335948804 -8.167273417911002 0.1430861204493734 7.68316493019012 0.583311881630145 9.311486386458661 -9.784815825405444 5.438279097205426 9.806520782255955 1.593297670296515 5.791139161975369 -5.136493985089783 -0.32561323698807776
7.650578385871643 1.4224791738941533 -3.222264451330499 -4.0266214899623325 -1.107891980706997 -2.2512779355413333 -9.366033931258333 6.024691091528464 6.158667144596297 1.1964272922006636 2.11717300914418 -1.5732344459834646 -8.829819287915956
2.2034957456980653 9.087269982839462 -8.320748554939144 -6.011979647136609 -8.8534120102479 8.597898947285007 -7.143955520732515 6.3078925233086665 5.59111627356743 8.169803997303188 -0.40703629053652435 7.069818001965977
-3.0991790489340083 -9.493604986377452 -7.9383869582684685 3.023284554045766 -1.5816791124549852 7.675458780341927 3.99583734671301 6.325357099384281 6.422682411462766 7.67712227230075 -9.377664773507643
-0.8077423330807942 9.138354364365924 -3.5735260655798555 -7.652788762400748 0.8174884270848803 6.722222792147228 -3.817557470242134 2.9407323145725925 6.950250064910879 8.030305533821295
-0.7341123650456858 -6.755242172401386 9.660511492421946 3.7618349131079327 1.6343675416802395 -6.283454344910069 -9.63248322810163 -9.009590335338423 -7.5807208992682735
-4.718462954126803 5.026205460095873 -2.032471586253002 -8.761797284194051 2.936957080690604 -7.8638517350181525 3.06392023716416 5.915379819762272
1.9329107239373489 -7.318634832704934 -0.1856835096723568 8.202210487134028 7.435427360639842 0.4529132809604768 -7.123017837884182
-7.687907900082069 -6.871170346451201 9.004745767413457 -0.5420914328919864 7.526782852478021 -2.6895783510518045
-1.266315917552534 3.018127094021274 -5.675121772503166 -3.669502325508902 8.165185497072997
-7.776464343374874 9.024520628474274 8.165906491166982 -5.8871809403228825
2.035871192929161 3.4209436828430366 -4.304173109069282
-6.976666253329887 7.3044635139520935
-1.8231159359628624
