100
50 50 50 50 50 50 50 50 50 50 50 50 50 50 50 50 50 50 50 50 50 50 50 50 50 50 50 50 50 50 50 50 50 50 50 50 50 50 50 50 50 50 50 50 50 50 50 50 50 50 50 50 50 50 50 50 50 50 50 50 50 50 50 50 50 50 50 50 50 50 50 50 50 50 50 50 50 50 50 50 50 50 50 50 50 50 50 50 50 50 50 50 50 50 50 50 50 50 50 50
1 3 4 5 6 7 8 9 13 16 17 21 22 27 28 31 35 36 37 38 41 46 48 50 52 53 54 57 58 62 63 68 69 70 72 77 78 79 83 84 85 86 87 90 91 92 95 96 98 99
1 3 4 7 8 9 14 15 16 17 20 21 22 23 24 31 33 34 35 36 37 41 42 43 45 46 48 52 53 55 57 58 66 68 69 71 73 75 78 79 80 81 83 85 86 90 92 93 94 98
1 2 3 4 7 9 11 12 13 15 16 18 19 23 29 32 35 38 40 41 43 44 45 46 47 51 52 53 54 58 59 61 62 64 67 68 71 72 73 76 79 84 86 88 89 91 92 93 94 99
2 4 6 7 8 9 10 11 12 14 17 19 24 25 26 27 29 30 32 40 41 43 45 47 50 52 54 58 61 62 63 67 68 69 70 73 74 75 77 78 81 82 83 89 90 91 92 97 98 99
1 4 5 9 10 11 14 17 19 20 21 24 25 27 28 30 31 33 34 38 40 43 45 46 49 50 52 55 57 60 61 62 65 66 67 69 74 75 78 79 80 81 82 83 84 90 94 95 96 99
1 4 6 10 11 12 16 20 22 26 28 29 30 31 32 33 34 36 40 42 48 52 55 56 58 59 61 63 65 66 67 69 73 74 75 77 79 83 86 87 88 90 91 92 94 95 96 98 99 100
1 4 7 9 15 18 19 21 25 26 31 34 35 36 39 41 44 45 46 48 49 55 57 58 59 63 64 65 66 69 70 71 73 74 75 76 77 78 79 80 82 83 84 87 90 92 94 98 99 100
3 4 8 10 11 12 13 14 15 16 17 18 19 22 24 25 27 30 31 32 33 36 38 39 40 41 42 45 46 48 49 50 55 57 59 62 67 68 69 71 76 79 81 87 89 90 91 94 96 100
2 3 4 5 6 9 11 12 13 18 21 22 23 25 26 28 31 33 35 38 42 44 45 46 48 49 51 52 57 58 59 60 62 64 66 67 70 72 73 75 78 82 84 88 89 91 95 96 97 99
3 4 5 9 11 14 16 18 20 21 22 24 26 28 30 32 34 35 42 51 52 53 54 55 58 60 61 63 64 70 71 72 74 77 79 84 86 87 88 89 90 91 92 93 94 95 97 98 99 100
7 10 11 12 16 19 23 24 26 27 28 30 31 32 34 35 41 42 44 45 46 47 48 49 50 52 55 57 58 60 61 67 69 71 72 74 75 77 80 81 83 85 86 88 89 91 92 97 98 99
1 3 5 6 8 9 14 15 16 17 18 19 25 28 29 30 33 34 36 38 42 47 48 49 53 56 57 58 60 64 66 67 68 69 70 72 74 75 78 79 80 81 84 85 86 88 91 93 94 97
1 3 4 8 9 10 12 17 18 20 24 28 29 32 33 34 35 37 38 43 44 45 47 48 49 54 55 57 59 60 62 63 65 67 73 74 78 79 81 82 83 84 85 87 90 91 92 96 97 100
4 7 8 9 13 14 15 16 17 19 22 26 29 32 35 36 41 43 44 45 46 47 48 49 53 54 55 56 59 60 62 67 71 72 73 74 75 77 78 79 82 86 87 88 90 92 93 94 95 97
1 2 3 6 7 10 11 13 14 15 16 19 20 23 24 25 29 36 40 41 42 43 44 45 46 50 53 54 55 58 59 60 62 64 65 67 69 70 71 72 74 78 80 82 84 86 90 91 99 100
4 5 6 8 9 10 11 15 16 17 18 24 26 27 33 34 35 40 44 47 48 49 50 53 56 57 58 61 62 64 65 66 69 71 73 74 76 79 80 81 82 83 84 91 92 94 95 96 97 99
1 3 5 9 10 12 14 16 18 21 23 27 28 29 30 32 34 35 36 39 40 41 43 46 52 53 54 57 59 61 64 66 68 69 70 71 75 77 78 79 81 83 86 90 93 95 97 98 99 100
1 2 4 5 7 9 11 14 17 18 19 23 24 25 27 28 29 33 39 40 43 44 45 47 48 53 56 57 58 60 63 64 66 70 71 73 74 76 78 79 82 85 86 87 89 90 91 94 97 100
4 8 10 11 14 15 16 17 18 20 22 23 24 26 28 29 30 32 33 34 39 40 41 42 44 45 48 49 50 51 53 54 55 63 64 66 67 70 71 72 74 76 78 80 87 89 92 96 97 100
2 3 4 6 8 10 12 13 17 20 21 22 23 25 26 32 33 35 38 42 43 46 49 50 51 52 54 55 56 61 62 66 67 69 71 76 78 79 80 81 83 84 85 87 90 93 94 95 96 99
1 3 4 6 7 8 9 12 15 17 25 26 29 31 35 36 38 40 41 42 44 46 47 48 49 50 51 52 53 54 56 57 61 63 66 68 70 71 72 73 75 79 81 82 84 85 88 90 93 97
1 3 6 7 8 10 11 12 18 19 20 29 30 31 32 33 36 41 42 46 47 53 54 55 56 63 64 65 67 68 69 71 72 73 74 76 77 79 80 81 83 86 87 88 91 94 95 98 99 100
1 2 3 4 5 6 7 8 10 13 14 15 17 18 19 20 21 22 24 25 28 29 30 32 34 36 37 43 46 51 53 55 60 63 66 68 69 73 75 76 79 81 83 85 89 90 92 93 94 97
1 2 7 9 11 14 15 18 19 20 21 27 29 32 33 34 35 37 39 40 41 43 44 47 48 49 50 53 54 56 57 58 60 61 64 68 71 73 79 83 84 87 88 90 91 92 93 94 97 100
4 5 6 9 11 12 13 14 16 17 19 20 21 23 24 25 30 38 40 41 43 45 47 49 52 53 54 57 59 60 61 66 67 69 70 71 72 73 75 76 77 79 80 85 87 88 90 95 96 99
2 5 6 10 11 12 14 16 17 18 19 20 25 28 30 31 33 35 37 39 41 42 43 45 46 48 51 52 57 58 60 62 66 67 68 69 73 74 75 77 78 80 83 84 87 88 90 91 98 99
1 2 3 7 8 10 12 16 18 20 23 24 25 26 27 39 40 41 42 46 48 49 50 51 52 53 54 55 59 60 61 64 65 67 68 70 71 72 73 75 79 81 83 84 89 91 94 95 96 98
1 3 4 9 10 15 16 18 19 20 23 24 27 35 41 42 43 45 46 47 49 50 51 52 55 59 61 62 63 64 65 66 67 69 70 73 74 77 78 79 80 82 85 86 87 91 92 96 97 98
1 3 4 5 7 9 10 11 13 17 19 21 23 25 26 27 29 31 33 34 36 38 39 40 43 44 47 48 49 52 54 56 61 65 66 70 73 74 75 78 79 80 82 84 87 91 94 97 98 100
1 3 9 11 13 14 15 16 17 20 22 25 26 32 33 34 36 43 45 47 48 50 52 53 54 55 57 59 60 62 63 64 65 67 69 73 75 81 82 84 86 87 89 91 93 94 95 96 98 99
2 4 5 7 11 14 15 17 20 21 22 23 24 28 32 34 36 38 39 41 42 43 44 48 49 50 52 53 54 55 58 62 64 65 68 69 70 72 76 79 80 81 84 85 90 91 93 96 97 99
1 4 6 7 9 10 11 12 13 16 21 22 23 24 26 28 30 32 34 36 39 41 44 45 46 48 49 50 53 54 56 57 58 59 61 63 65 68 70 71 74 76 81 83 84 85 88 91 93 95
4 6 7 8 9 10 11 12 14 16 17 19 20 22 25 28 29 30 31 32 35 45 46 48 50 52 53 55 57 59 60 61 63 65 66 67 69 74 75 77 83 84 85 86 87 88 89 90 91 94
4 5 8 9 11 12 14 15 16 17 23 25 28 33 34 38 39 40 41 43 45 46 48 53 55 57 58 62 63 64 67 69 70 74 75 76 77 79 80 82 84 86 89 91 92 93 94 95 96 97
3 5 6 8 9 13 14 15 16 17 19 20 25 26 27 28 31 34 35 36 38 39 42 45 47 50 51 53 57 59 63 64 65 66 67 69 71 72 75 76 77 83 86 87 91 93 94 95 97 99
1 2 9 10 11 12 15 16 19 20 22 23 31 32 41 42 45 46 47 48 50 51 53 57 59 60 61 62 65 67 68 72 75 76 78 81 82 83 85 86 87 89 92 93 94 95 96 98 99 100
2 4 10 12 13 14 16 17 18 21 22 24 27 29 31 32 33 35 36 40 41 42 45 49 50 53 54 55 57 58 59 60 62 63 64 66 68 70 73 79 83 84 85 86 88 94 95 97 98 100
1 2 3 4 5 8 9 10 12 15 16 17 18 19 23 25 26 29 32 36 39 41 43 44 45 48 49 52 54 55 58 59 62 63 66 68 71 74 76 78 79 80 81 82 83 84 88 89 92 99
1 2 5 6 7 9 10 12 15 16 17 20 22 23 25 26 27 28 30 33 37 38 41 42 43 44 45 47 48 53 55 57 58 59 61 71 77 79 80 81 82 83 84 86 87 88 92 94 98 99
1 2 3 6 7 9 12 13 16 17 19 22 23 25 29 32 33 39 43 45 46 49 50 53 54 56 57 59 61 63 64 66 67 68 69 70 71 73 74 75 76 78 80 81 83 84 88 94 99 100
3 4 5 6 7 9 10 13 18 20 23 24 27 28 29 30 34 38 39 40 41 43 44 48 50 52 53 54 55 56 59 60 61 63 64 66 67 68 71 73 76 77 80 81 82 83 91 93 97 99
1 2 3 5 11 12 16 19 22 23 25 28 30 31 33 34 37 39 40 41 42 44 45 50 52 53 55 57 60 61 62 63 65 67 68 69 73 74 75 76 79 82 83 85 86 91 94 95 98 99
3 5 10 14 15 17 18 19 20 23 25 27 28 29 30 32 33 34 35 38 42 46 48 49 51 52 54 55 56 57 59 60 64 65 69 71 72 73 74 79 80 81 83 87 88 91 92 94 95 100
4 5 7 8 10 11 15 17 19 23 25 26 27 28 30 31 32 33 34 35 37 38 41 43 45 48 49 50 51 54 57 60 63 64 68 70 71 72 78 79 81 82 83 84 85 89 95 96 97 98
1 2 8 9 12 13 19 20 22 23 26 28 31 32 33 34 36 38 39 41 43 44 45 47 51 52 53 55 56 57 58 60 62 64 67 69 70 71 73 74 76 80 85 88 89 92 93 94 97 99
3 4 11 15 16 18 21 22 23 24 25 29 31 32 33 36 39 40 42 44 48 49 50 53 54 55 56 58 60 63 65 69 70 71 73 74 76 77 79 81 84 85 86 89 93 94 95 96 97 98
3 4 5 9 10 11 14 15 16 18 19 20 21 24 27 33 34 36 38 39 40 41 42 54 57 60 61 63 64 66 69 70 71 73 74 75 77 78 82 83 86 87 90 91 92 93 95 96 98 99
5 7 8 9 10 11 13 16 18 19 20 22 25 26 27 28 29 31 32 36 37 38 39 41 42 45 46 47 48 50 52 55 57 58 61 63 64 67 68 70 72 76 81 84 86 88 93 96 99 100
1 3 6 10 14 15 20 21 25 27 29 30 31 33 39 40 42 46 47 48 49 53 54 55 57 58 59 60 62 63 64 66 67 69 73 74 75 76 77 78 79 81 83 88 91 92 93 97 98 100
5 6 7 8 15 16 17 18 26 27 28 30 34 38 39 40 41 42 44 45 46 48 49 57 58 59 60 61 62 64 66 68 69 70 72 74 75 77 79 80 81 82 83 84 87 90 91 95 97 98
1 2 4 5 7 8 16 17 20 25 32 33 34 36 37 38 41 44 48 52 53 58 60 62 63 65 66 67 70 71 72 73 74 75 76 77 78 79 80 83 85 86 87 88 91 93 95 96 97 98
3 5 7 10 11 13 17 18 20 21 23 24 25 26 31 35 37 38 39 41 47 51 52 53 54 55 57 60 61 62 63 65 66 69 73 74 75 76 77 78 80 83 84 85 87 89 90 91 95 97
3 4 5 9 10 11 13 15 16 17 18 20 21 22 24 26 27 30 33 34 35 41 42 44 46 47 51 54 57 58 59 60 62 63 64 66 68 70 74 76 77 80 82 85 89 90 92 93 94 96
1 5 11 15 16 17 19 21 22 23 27 28 29 31 32 35 38 39 43 44 47 48 52 53 57 58 61 63 64 66 67 68 69 70 76 77 78 79 82 85 87 89 90 91 92 93 95 97 99 100
4 9 11 13 14 15 16 20 23 24 25 27 28 29 30 31 32 38 39 41 42 43 44 46 47 48 50 53 55 57 59 62 63 65 67 70 74 75 78 79 81 82 83 86 88 89 90 95 96 99
1 3 5 6 7 11 14 15 16 18 20 21 23 24 25 27 29 30 37 40 43 46 48 51 53 54 56 59 61 62 63 64 65 67 68 71 72 74 75 76 78 81 83 86 88 89 90 93 96 100
5 7 8 10 11 12 13 15 17 21 26 28 30 31 32 33 37 41 42 45 48 49 51 54 55 56 57 59 66 67 68 70 71 72 73 75 76 77 78 81 83 84 85 87 91 93 95 97 99 100
2 5 6 7 9 10 16 17 18 19 20 22 23 24 25 31 32 33 35 38 41 44 45 46 48 49 51 52 54 56 57 58 59 60 63 66 67 68 71 72 75 77 79 80 81 84 85 89 93 100
1 4 6 7 8 10 12 14 15 17 20 23 24 25 27 29 31 32 33 35 36 37 40 41 44 46 49 50 52 62 63 66 67 69 72 73 75 76 79 83 84 85 86 88 89 92 94 97 98 100
1 2 4 5 6 7 8 13 14 16 19 20 23 25 26 27 28 29 30 33 34 36 38 39 40 43 44 45 52 54 55 57 59 60 64 65 70 71 72 76 79 80 81 83 87 89 93 94 97 98
3 4 7 8 9 14 16 19 21 24 25 26 27 29 32 34 37 40 41 43 46 47 48 53 54 55 56 57 60 61 63 64 65 67 69 74 75 76 81 83 84 86 89 90 91 92 94 97 98 100
1 3 5 6 7 8 9 10 11 14 17 20 22 23 25 27 30 31 32 34 35 36 37 40 42 44 45 47 48 52 53 54 55 57 61 66 67 69 73 76 80 81 82 84 87 91 92 93 97 99
3 4 6 7 8 9 13 16 18 23 25 26 32 36 37 38 40 41 42 43 47 48 49 50 51 53 56 57 62 64 65 66 67 68 69 73 77 79 80 82 84 86 88 90 91 92 94 96 97 100
1 2 7 8 9 12 14 16 17 20 21 23 25 26 27 28 30 32 34 37 39 40 41 42 45 46 47 49 51 54 55 57 63 65 66 69 70 72 74 77 78 80 82 84 87 92 93 95 99 100
4 6 7 9 10 11 12 13 14 15 18 19 20 22 23 28 33 36 37 39 40 42 43 45 46 48 50 51 52 54 56 58 59 60 68 72 73 74 77 84 86 87 89 90 92 95 96 97 99 100
2 6 7 10 13 15 19 22 24 25 32 33 34 35 38 39 40 43 44 46 47 48 50 51 52 53 56 58 61 62 63 64 65 66 67 70 73 79 83 85 86 87 88 89 90 92 94 96 98 100
1 2 3 4 9 12 13 14 15 19 21 22 23 24 28 29 30 31 32 35 36 42 43 44 45 48 53 54 55 56 60 62 65 66 69 70 71 72 74 75 81 86 89 90 91 95 96 97 98 99
1 2 3 4 6 11 13 15 17 18 20 22 23 24 25 33 34 37 38 39 41 42 43 46 48 50 52 60 62 64 65 67 68 69 71 72 76 78 81 85 86 88 91 92 93 94 95 96 98 99
3 4 7 8 9 11 14 15 16 21 22 24 27 29 30 31 32 34 35 39 43 45 46 47 50 53 54 59 60 61 63 65 71 73 75 77 78 79 80 81 83 84 85 86 88 90 92 97 98 100
2 4 5 7 9 10 11 12 17 19 21 22 23 24 28 29 31 33 37 38 39 47 49 51 53 55 57 63 64 65 67 69 70 73 75 76 77 78 79 84 88 89 90 91 92 94 95 96 97 98
1 3 6 7 9 10 11 12 13 16 19 21 22 27 29 30 31 34 36 38 39 45 48 51 52 53 54 55 56 59 62 63 64 65 67 70 73 74 76 78 79 80 83 88 90 94 96 97 98 100
1 2 4 6 7 8 13 15 17 19 21 22 24 25 28 33 34 36 38 39 43 50 52 53 55 57 59 60 63 67 68 69 70 71 73 74 75 77 78 79 82 85 86 88 90 91 92 94 95 99
2 3 4 7 8 14 15 17 19 20 21 22 24 25 26 27 30 31 32 33 35 37 40 41 42 45 47 48 49 50 53 56 61 63 69 70 71 73 76 81 82 85 87 88 90 92 94 95 96 99
1 3 7 8 9 10 11 15 19 24 25 28 29 32 35 36 37 39 41 45 46 47 49 51 54 55 57 59 60 62 65 67 68 69 73 75 76 79 80 81 82 87 88 91 92 93 94 95 96 100
1 6 10 11 13 14 18 21 23 24 27 28 29 30 32 33 34 35 38 40 41 46 47 50 53 56 57 59 60 64 66 67 68 69 71 74 75 76 81 82 83 87 88 89 90 91 95 96 98 99
3 4 5 8 12 16 17 20 23 26 27 30 32 33 35 36 37 38 39 42 45 46 48 49 51 52 54 55 59 60 62 65 66 68 70 73 75 76 77 80 81 82 83 84 91 92 93 95 98 99
3 6 7 9 11 12 14 18 19 23 24 25 26 27 29 30 32 33 35 37 42 47 49 50 54 55 58 59 60 66 67 68 69 73 79 80 81 84 86 87 88 90 92 93 94 96 97 98 99 100
1 2 8 9 11 12 17 19 21 22 27 30 31 32 35 40 41 42 43 44 48 50 51 52 54 57 58 59 62 66 68 69 70 71 74 76 77 80 82 83 84 86 88 91 92 94 95 97 98 99
1 3 6 11 13 17 20 22 24 29 30 33 34 36 37 41 44 45 48 49 50 51 52 55 56 57 61 63 65 67 71 72 74 75 76 78 79 81 83 84 86 87 88 89 91 92 93 96 98 100
1 2 4 7 10 14 15 16 19 21 23 25 26 28 31 32 34 35 36 39 41 42 43 47 51 55 58 60 63 64 65 66 67 70 72 74 78 79 80 87 88 89 90 91 92 93 97 98 99 100
3 4 7 10 14 15 16 18 20 21 23 24 26 27 30 34 35 36 38 40 43 45 46 48 49 50 52 55 57 61 62 64 67 68 69 71 72 75 76 78 79 82 84 85 87 92 93 95 99 100
2 4 8 9 10 11 12 13 14 15 16 18 19 21 22 23 26 30 32 33 34 37 40 41 43 46 47 49 50 51 54 55 56 57 61 62 64 65 67 69 72 73 74 75 77 82 91 94 99 100
2 3 4 5 6 7 12 13 15 17 20 21 24 26 27 30 33 34 35 36 48 53 55 56 57 59 61 62 63 66 70 73 74 75 76 77 79 80 82 83 84 85 87 88 89 90 94 96 97 98
1 2 3 4 5 11 12 15 20 21 24 25 26 27 30 33 34 35 36 39 40 41 44 45 46 47 48 50 51 54 56 58 66 69 70 71 72 75 79 82 85 86 87 92 93 96 97 98 99 100
2 3 4 5 7 8 9 10 13 14 15 18 19 21 24 30 31 32 33 35 37 38 39 40 41 44 47 50 51 54 55 57 58 61 62 64 66 68 69 77 81 82 84 85 87 88 91 96 98 100
1 2 3 6 7 8 10 12 13 15 16 18 19 21 23 24 25 27 28 31 33 35 37 38 40 43 45 46 48 50 51 52 56 57 58 60 66 67 70 71 74 75 79 81 86 87 88 91 94 96
1 7 12 13 14 15 16 19 21 23 24 25 27 28 30 31 34 35 37 38 39 41 42 44 46 47 48 51 54 55 59 60 61 62 65 66 67 68 69 73 76 77 79 80 82 85 87 88 91 98
1 2 3 4 5 6 10 11 12 13 20 25 33 34 37 38 40 41 43 46 47 48 50 55 56 59 60 61 62 63 64 65 69 72 73 74 76 77 80 83 84 85 86 88 92 94 96 98 99 100
1 3 4 9 10 11 13 14 16 17 18 20 22 24 26 27 28 29 30 32 33 38 42 44 45 47 48 50 55 57 58 59 60 61 62 63 66 67 68 69 73 76 77 87 89 90 92 97 98 100
3 4 6 9 10 11 15 18 20 22 23 25 28 31 33 34 35 38 39 42 43 47 48 49 51 54 57 58 59 60 62 64 66 67 69 73 75 78 79 80 81 82 87 88 89 91 95 96 97 98
1 3 5 8 10 13 14 15 16 17 18 21 22 23 24 25 26 27 29 34 36 37 38 39 41 42 47 48 49 53 54 60 63 64 65 69 70 71 72 74 75 78 79 80 81 83 87 89 92 93
1 4 8 10 11 13 14 15 18 19 22 23 24 26 27 29 30 33 34 38 40 41 44 45 48 51 53 59 62 65 66 67 68 70 71 73 74 76 78 80 85 86 87 88 89 91 93 95 96 99
6 7 8 10 11 12 14 17 18 19 20 21 22 27 29 30 32 33 36 37 40 46 48 49 50 52 54 55 56 57 58 61 62 64 66 67 69 71 72 74 75 84 85 89 90 92 93 96 97 98
4 5 8 9 10 11 12 13 15 16 18 20 21 22 23 25 27 31 33 34 36 37 42 43 44 45 48 54 58 61 63 64 65 67 68 70 71 72 75 77 81 82 83 84 86 87 92 97 98 100
3 6 8 9 10 13 14 15 17 19 20 22 23 24 25 29 31 32 33 34 35 36 37 38 40 42 43 44 45 47 48 49 53 54 55 57 61 63 68 69 71 74 77 83 85 87 89 90 92 93
1 2 5 6 9 10 11 13 20 22 27 28 34 35 37 38 41 42 43 47 49 51 53 55 57 58 59 60 61 62 63 64 65 66 67 73 77 79 81 83 85 87 90 91 92 93 96 97 98 99
3 4 5 8 11 14 15 16 20 21 24 25 29 31 33 34 37 38 41 42 44 45 47 48 50 51 52 53 55 58 65 66 68 69 70 72 75 77 79 84 85 86 89 90 91 92 93 98 99 100
1 2 3 4 5 7 8 9 10 13 14 15 16 18 20 25 27 31 32 38 43 47 48 50 51 53 54 56 59 60 61 62 63 64 65 67 68 73 74 75 79 80 81 88 89 90 91 92 93 96
3 4 5 6 7 10 11 12 15 16 17 19 23 25 29 33 36 39 40 43 46 48 50 52 53 59 60 61 62 63 64 66 67 68 71 74 75 76 77 80 81 84 85 87 91 92 93 97 98 100
1 3 4 5 7 8 12 14 16 17 20 25 26 28 29 35 38 39 40 42 43 46 48 51 53 55 57 58 59 62 65 66 67 68 74 75 76 78 80 81 82 88 89 90 91 92 96 97 98 100
717 404 -698 -537 84 -262 -43 949 -59 633 -716 481 746 149 71 140 -864 475 892 -318 -38 -558 -858 473 -174 666 366 -232 788 338 727 220 -19 818 207 749 -540 429 -824 -991 -289 -601 -970 -600 717 -140 -685 980 470 -888 -795 -573 -582 -33 -787 264 912 12 -577 -642 -791 135 -823 -114 -32 138 -946 -837 -918 -200 499 -487 -141 195 -498 963 -324 -469 797 161 -360 -519 -388 -826 28 104 -746 817 347 323 204 -48 -129 394 391 -783 327 694 804 -363
-541 364 443 911 272 -429 305 -668 48 -449 433 -976 -250 -484 -667 -724 164 106 246 -354 -904 -56 -379 -995 -784 -446 173 -110 118 -949 -614 -933 -709 204 -890 374 803 336 646 969 -496 718 -376 426 -124 571 830 780 -100 564 -415 874 565 -22 255 -904 -558 -7 -196 827 92 146 149 -94 940 -515 351 -780 -565 -546 -962 915 -311 291 404 -60 654 -834 -474 -756 -889 -773 157 -793 -360 -244 205 811 43 1000 900 327 287 255 -835 618 -270 -1 -62
61 274 359 -711 791 -614 780 -205 -759 -432 -75 -151 483 270 302 108 -241 679 -340 784 -759 117 -673 99 -483 891 473 946 -697 -496 -912 -635 425 -975 -779 -391 -359 -405 -27 140 -221 543 336 -869 283 938 -863 -705 566 291 210 499 -975 549 -233 943 -834 614 89 333 -885 526 311 -142 348 -191 -547 940 143 593 160 -944 222 208 -880 275 565 -819 -555 940 -928 20 110 -647 499 343 -481 157 -450 -382 -644 -607 67 719 -756 402 209 585
108 836 -334 -594 269 207 398 277 778 -452 876 142 292 -590 719 -72 315 371 232 670 384 -510 218 -238 369 726 -115 756 -491 782 -883 -447 784 981 287 -280 -308 -193 -65 542 918 -411 -3 -769 -485 -892 -361 28 -447 -220 18 766 472 -236 586 -974 -416 -414 -792 936 -490 308 47 510 482 739 -342 716 -430 972 -989 268 -955 -677 -835 297 -139 -922 -988 -498 -261 -639 -622 149 866 -608 -163 -683 -667 308 -176 56 -470 114 -78 -1000 -573
-877 -205 -874 543 -179 197 237 695 756 431 507 -872 283 -432 100 246 -22 952 936 -953 100 -706 -131 -461 -689 316 89 87 517 -763 261 -74 -121 583 -4 416 555 574 -678 669 -442 468 -865 103 -735 -696 -530 766 -1000 121 -78 -632 118 200 909 -649 929 125 141 -64 -607 -194 -406 500 -830 -889 291 892 789 -740 -814 -475 119 -270 162 342 385 168 -763 -389 -162 954 -582 4 -737 844 672 -884 -545 236 217 63 -107 173 835 -820
615 -972 610 -854 -390 -905 -995 841 -832 -892 -200 -153 98 -414 -241 193 626 174 125 720 260 645 -962 109 -519 -24 -850 161 -967 128 731 -910 -70 -290 346 395 449 -954 -869 -107 -925 -595 -371 -166 -325 576 410 -288 -812 -508 -427 -919 811 411 -909 761 467 460 560 -628 211 -312 -448 92 323 408 936 -206 -859 -586 635 -856 -360 -522 585 -675 -570 446 -937 622 971 603 -34 -541 -300 -95 -550 -646 91 -476 -459 95 -515 160 -579
-431 612 736 -277 -858 -967 91 880 -792 -140 -611 -853 -377 621 -253 640 -905 -223 -367 846 841 940 -484 -583 576 989 739 -567 687 408 380 415 681 809 242 -163 -300 -81 588 445 444 -594 215 -853 104 -813 -284 866 37 -459 -576 936 -717 -828 646 215 883 -401 925 -69 372 858 -435 -890 897 -85 -207 -28 692 -954 84 753 -677 547 395 523 -217 853 857 762 -31 -800 -206 -252 813 23 -463 846 364 -523 204 -530 -244 951
357 745 -979 -823 -710 265 -634 -50 -124 -797 888 274 381 -73 326 -89 -582 -358 -95 -224 -663 447 0 -59 -497 -975 367 211 217 -767 -695 458 -724 -415 164 838 -755 911 -534 693 429 787 -27 330 311 -33 819 -34 -689 -194 -971 -677 -167 -461 -587 6 -442 -736 -986 507 231 -657 -680 -207 500 -407 -221 244 418 -125 -199 591 198 -59 150 83 -308 518 -316 -164 65 834 77 874 -404 187 402 249 775 -73 -495 -890 -329
879 772 263 75 -839 -321 -184 -319 976 550 362 -901 -993 -923 -873 858 -140 691 -489 -497 495 -143 207 905 -677 361 506 -350 652 -898 -82 583 688 -307 -201 6 249 19 -1 630 -74 -959 -983 870 706 159 441 538 925 -85 -162 -13 58 574 702 370 250 -741 140 198 -163 105 914 631 31 921 -740 539 144 480 866 -699 -88 862 499 871 236 304 847 -371 -319 13 52 -362 -272 -402 -874 -82 727 389 -63 440
979 -353 -175 93 -476 432 288 894 -609 579 968 -144 928 288 -241 587 -714 -544 604 -584 938 -350 379 -730 -243 760 -147 414 -907 399 682 -593 -473 -794 101 390 858 -18 -323 -164 796 -951 890 -919 728 -735 -505 -706 -492 -856 -479 -795 -189 -638 -926 422 -424 119 511 -659 456 629 512 216 -646 760 -358 -170 770 717 662 -580 396 -844 -77 742 -710 -518 -187 -920 -464 -901 -776 -599 578 -419 465 349 -855 786 588
974 604 935 -943 27 -69 367 -750 -877 867 -781 -306 950 810 -82 -890 84 718 -937 -319 -850 420 -867 -824 -583 137 149 864 -362 -948 -679 175 753 9 38 -982 630 32 205 -502 -106 233 -433 489 99 2 -575 -636 -649 970 -324 -877 -786 68 -32 482 -113 271 -334 93 -135 36 984 -925 -139 -394 357 7 82 340 -519 7 314 18 280 136 -493 -506 694 -81 455 -484 893 -240 -294 766 -226 -288 -735 593
-124 315 -332 430 -93 860 -516 933 107 74 655 -998 451 -948 111 582 -994 541 -214 -452 -325 418 35 162 -313 37 -789 318 -687 -792 -901 -747 -186 68 -713 -572 -354 -275 939 -202 -173 131 -570 -453 480 287 402 279 774 -567 -84 105 -30 167 -345 -218 -225 438 864 -283 -113 -326 -672 -547 -354 273 905 -820 -636 540 600 -976 -721 -165 -76 820 -657 678 -382 -634 -443 326 -206 60 -679 -52 604 -113 754
-427 180 -244 370 -846 829 -606 -876 -526 -913 214 714 -939 537 685 231 899 -71 968 -57 741 284 467 472 652 -103 -135 19 -503 631 -604 424 376 35 248 -329 -322 106 849 -928 423 203 -961 -979 923 -296 36 100 654 72 989 284 -510 -664 -655 -164 373 -395 446 34 -354 -436 -93 -26 -572 -349 671 -403 394 711 557 805 -68 932 -288 539 -693 -773 379 898 -608 324 126 -407 633 41 -910 -941
-814 -308 133 -434 936 -665 -957 452 -156 -124 -919 -458 639 923 130 549 110 -525 -945 -855 -206 375 427 -739 -476 858 -614 408 423 199 122 854 364 -492 727 -573 670 189 -763 182 -38 -260 -228 872 -751 -640 938 404 -580 -606 151 -50 -473 810 -72 -608 -15 868 571 -493 261 87 -725 -402 7 686 -87 -200 -976 -850 447 686 990 807 -365 136 -440 969 -302 684 -598 819 99 -893 -298 605 -814
956 -472 -186 654 -746 881 379 662 265 718 539 -961 54 51 -934 -523 685 -722 -505 780 705 499 -742 -811 -651 -38 760 108 -458 752 821 366 -617 -21 66 -330 -32 158 -377 350 327 741 735 816 374 -826 706 -544 -85 -343 836 -174 -410 719 430 -867 745 273 -123 54 70 418 30 148 562 777 493 -899 514 110 -554 524 -412 507 416 650 901 -449 108 -924 299 -453 -122 -417 16 560
-574 405 -559 -763 123 623 854 -48 -536 538 589 -148 28 438 846 496 -411 -122 114 -25 -900 630 -89 499 89 -203 -976 -349 -84 127 -841 -907 -984 178 -4 -657 160 -780 -546 -127 -183 467 -561 -7 149 -439 -809 -880 -944 862 -697 -67 34 -397 -194 969 828 -627 324 399 644 729 344 708 -747 -247 608 -498 -356 -416 -461 928 814 863 78 639 397 -804 -362 769 -718 -774 -539 -227 699
304 -773 690 655 -389 367 -885 -597 783 -836 435 -280 527 -428 996 280 851 -286 -238 -634 -15 647 -122 697 -361 -506 962 -51 -100 -332 -39 141 -569 164 603 100 120 -605 -938 912 443 -680 430 -760 882 -74 -429 202 855 -858 468 958 866 39 983 890 -129 -247 362 951 -558 273 487 82 -613 311 776 -365 685 -724 10 -621 -511 -54 -900 945 -850 -385 317 930 45 -826 -150 684
-982 -653 219 -260 768 669 -354 -566 544 981 819 233 -240 561 64 211 -325 -134 140 -554 -861 581 837 263 719 -425 -250 -585 371 642 48 -648 -28 -934 567 466 68 -559 -475 560 877 920 126 967 749 797 -848 725 -467 635 -751 -75 -426 -99 -853 798 796 -727 914 -880 978 -442 -642 137 -798 -21 -269 -695 596 -423 -920 788 -969 -922 846 -482 -838 36 958 -342 977 -219 -724
505 949 219 842 475 -931 -634 120 -616 75 -485 713 150 -870 -613 -223 -221 -653 919 -647 641 -844 -214 111 397 -561 473 -600 120 -265 -193 -220 259 -30 890 868 194 803 453 -90 342 982 -801 -49 852 -128 -92 803 -73 -973 -343 -350 -936 -386 -869 -643 -679 591 -871 -913 -18 962 586 883 -777 -656 373 638 -782 -168 -962 331 -486 422 542 -210 -383 -150 -298 -309 -137 788
-674 -132 -150 -367 -773 -849 -943 -491 -683 -862 -391 163 563 736 -630 -361 -763 -703 485 -352 208 183 -463 -780 202 -937 818 261 -272 -936 -998 -828 -457 -710 -66 -972 -180 -196 209 -359 -499 319 -357 -355 -620 -250 -720 -763 -299 854 720 -254 -896 -788 655 979 770 -240 693 562 -624 -837 -911 -959 369 -294 -911 519 -810 290 100 386 -291 -941 458 -163 105 -227 -855 631 995
689 -113 -323 235 753 583 -268 200 948 602 -476 -803 137 -902 -898 -359 -24 -141 -270 101 -894 449 777 812 -108 182 231 793 -579 -526 -899 -55 557 -768 -968 -209 -533 772 -221 60 -233 -949 -592 -216 -898 152 -471 -404 -158 -97 -908 -107 327 -960 759 -215 -807 -753 -187 -531 -120 476 795 -768 -477 -64 359 -25 1 771 843 -221 915 -121 -548 131 486 -989 731 80
744 172 374 -431 281 767 529 215 -924 -139 -283 913 200 -645 875 450 2 -271 985 -363 282 804 -905 -628 968 -49 -130 881 519 249 741 249 -766 -198 200 61 -344 378 45 -464 -826 51 -584 728 1 -737 -570 912 464 -326 63 -274 223 392 387 -638 266 258 -410 974 -66 -822 881 385 -191 791 206 -780 -444 26 -894 -744 -550 -701 -304 38 -935 271 -752
-667 -399 -509 -556 -548 -487 -69 -36 599 -601 570 472 -353 -229 280 246 -586 -546 794 -899 -669 221 211 755 -971 -443 354 -812 675 -243 741 -459 -442 163 846 981 -693 -986 377 -387 -432 -368 -968 96 -993 71 -54 -11 -326 529 -556 950 38 -88 -716 -605 -791 -895 140 -742 -150 758 -375 -539 328 -193 -310 -664 -520 -604 -1 362 661 658 141 512 -271 -827
-957 964 940 -494 387 817 -764 -787 -894 854 -747 414 758 47 -352 -205 542 -591 -789 112 457 45 -362 -171 826 -760 -68 207 826 -999 492 59 789 -770 -489 -777 676 881 -830 668 -408 282 -767 -49 367 87 -869 431 140 315 719 -240 -997 -902 471 354 632 66 512 76 543 -943 522 425 -59 -380 -652 -418 369 -953 -416 -642 -562 170 732 -429 -726
-124 -462 543 -678 260 -990 -115 666 -256 -933 211 178 -600 -971 -652 -939 818 700 510 -50 53 287 787 -40 930 -229 558 -627 -602 562 57 -872 -674 111 872 864 -979 472 -791 -706 814 836 -182 386 -401 776 893 -588 758 857 -284 -140 398 -813 598 641 -41 -218 -374 -171 337 667 -167 954 -304 -916 280 86 812 -917 891 841 -361 963 -569 -227
487 387 523 -418 821 926 -850 -533 -414 288 -582 -285 987 712 700 458 -767 -230 298 540 275 -736 -427 269 -50 -896 228 -810 161 732 -301 -139 -266 -650 756 -105 -744 32 -373 553 -454 -972 -641 282 -350 -628 -275 -716 244 807 -845 984 558 -501 -605 -866 -590 -219 16 -954 133 -957 430 309 -647 -210 84 -304 -581 430 -746 -509 -255 508 -648
-576 831 654 340 -565 -671 -502 -399 -288 -489 -824 942 -221 261 56 574 262 106 129 -771 -52 745 946 648 45 846 634 -326 687 -437 -578 266 -824 597 -51 -304 539 -932 -467 -602 795 -641 302 -587 60 -151 -314 -765 -575 -710 -492 -130 568 437 -534 246 -320 924 182 851 925 -646 -896 -485 137 -60 -358 649 -658 941 -483 433 -487 545
748 -937 -260 -419 418 324 380 -869 451 -43 336 634 991 -155 985 623 27 37 414 280 562 -543 -201 -225 -7 367 628 152 -455 -636 -325 -690 142 822 608 -836 -449 -314 -504 702 537 -676 337 233 188 -153 -143 -374 -139 8 825 -810 -934 138 -821 430 355 -375 940 -76 136 931 -172 -286 -951 756 227 -270 659 200 -116 703 -587
141 801 255 -458 611 483 573 -822 -984 -378 -628 719 -440 -236 185 881 -708 90 -920 -454 448 -289 946 -552 -443 -474 669 -569 766 -132 418 339 -547 -552 -126 888 214 -876 -27 514 -657 -89 -517 -29 -640 -123 433 856 355 794 199 748 302 558 193 -529 390 -472 -696 696 -13 883 411 668 892 458 -269 -34 -374 -92 32 141
-315 -645 895 -996 -692 439 -824 -427 348 34 -125 -284 5 657 -267 557 -877 -104 -340 943 262 -780 281 505 -945 -524 -259 804 71 903 104 -182 642 -359 121 -326 447 -789 -678 844 584 -839 354 640 -179 203 331 432 538 443 638 490 745 251 4 295 17 -561 -617 94 849 452 22 -183 -935 385 -793 -549 361 675 -359
-45 -734 -274 -529 71 9 0 249 438 -134 -853 302 411 44 835 -184 681 151 153 -557 74 -888 -912 68 454 375 545 -734 587 120 114 -998 675 -772 -653 -923 -78 -859 -14 -281 -112 -775 -421 297 849 -635 -339 -427 -947 268 -682 607 748 -496 -516 -635 -19 787 253 968 732 498 231 932 -137 -172 608 265 -574 4
224 58 -234 -739 414 -99 437 -935 -522 556 -205 298 -586 -759 91 993 -576 -648 -625 606 -930 -750 521 77 -390 623 -3 512 405 295 792 -793 497 -37 -662 -158 -490 30 -702 876 348 -297 -180 -934 -442 -223 -844 37 -272 -831 697 169 846 -60 -691 818 897 -332 -723 -495 362 230 -88 -373 -196 -995 -210 689 251
594 -873 -186 132 -273 443 434 249 800 -139 96 294 -291 -579 -64 -397 550 -806 93 9 358 -167 380 848 -98 -472 -121 -733 -370 -133 -212 -906 609 770 879 -120 -904 -267 -427 -435 378 -775 -541 281 -464 -956 -117 581 -713 960 490 88 221 -11 -370 993 -499 -267 -343 -414 -626 -653 879 187 578 175 -975 -829
-536 -935 650 -558 766 -566 458 750 602 -761 741 -337 781 127 436 -321 323 -729 244 416 424 920 779 -1 -276 -411 866 -446 -458 886 145 -850 729 -215 170 85 -613 -185 -941 -714 -797 -701 -717 -878 983 -701 -559 -544 421 -506 390 -860 405 -86 347 304 -719 799 929 563 -978 930 251 539 212 516 -301
293 408 -906 689 -398 -784 -628 145 -975 -590 646 714 609 -709 -508 -187 -144 -148 -575 -393 723 -859 -955 -554 300 781 -963 -616 -94 -595 -705 -656 228 438 -530 830 582 909 613 700 -606 -12 98 -887 -834 26 779 61 912 -268 -499 665 -474 -863 7 -334 717 845 -702 804 424 263 -149 -868 -576 -887
-556 -830 681 420 95 1000 861 -875 -735 202 -444 784 13 -561 785 -986 -314 -279 -414 -351 305 -484 833 -428 -795 228 920 -67 -781 729 -520 925 -114 -200 -885 -979 -757 116 -166 762 -247 96 756 648 -638 350 -41 763 -818 57 -987 -119 -632 782 -957 -709 -893 432 432 -549 914 -60 -758 -849 736
-624 140 675 -920 -309 643 525 -737 927 365 883 -433 -196 294 -717 -414 583 -890 814 -761 -102 770 638 -770 -818 155 97 493 -937 -409 652 -370 -339 843 -771 -583 3 -212 917 -799 -882 276 -647 479 -667 -547 652 -251 -678 -120 -424 213 242 284 468 -507 715 439 -731 485 538 -862 429 195
-414 542 -940 -588 810 -691 145 -665 -638 -509 -201 -931 60 171 42 19 -950 52 630 246 660 -526 261 -341 -455 683 82 -592 -429 549 756 -536 857 -386 285 317 729 -327 989 -823 711 891 -539 403 -888 276 237 304 364 786 352 -561 -341 -112 318 -70 713 -338 977 -654 476 455 398
125 584 -83 -816 -91 623 -691 -860 71 -177 748 -142 -293 499 654 -413 -34 950 928 -474 218 -564 106 100 547 -981 474 247 -1 -189 679 -337 -390 -520 -114 77 -796 744 -821 -218 -167 -134 -423 -307 488 -855 -862 -422 -644 726 -917 338 -494 534 -288 -68 -579 -416 -153 -845 625 -863
-669 608 -936 536 589 -152 202 -88 381 -674 -556 -139 16 125 40 762 -105 -326 712 343 443 -591 -941 -880 130 373 353 885 -695 -808 -484 476 -800 -38 872 -275 -607 370 -277 888 -629 -358 -752 -984 965 -157 492 -535 743 257 -217 752 -966 663 -806 807 -223 -418 410 -934 199
600 -83 -803 196 -200 -693 993 -518 -150 462 -708 594 495 103 628 -586 -150 -339 779 -73 684 -658 528 91 127 363 -75 63 -857 220 473 -923 -67 -526 191 383 982 -168 305 -502 -460 -274 398 736 -720 742 -108 -101 992 61 902 682 934 841 -1 -515 773 200 -440 -31
120 -254 -632 -114 -773 -892 147 751 -903 823 903 803 -907 -443 816 74 111 -166 829 379 -321 -424 -607 717 -756 767 196 692 -305 323 -5 -651 426 -874 677 -619 5 -536 -561 -32 -665 313 -485 -716 104 881 -915 269 695 919 499 160 -39 -117 239 -685 -397 -841 489
135 520 263 -103 -901 -586 -211 144 683 426 318 409 -226 -767 124 348 -119 -287 457 -417 495 -323 -217 115 -653 913 -801 -982 -255 869 791 -495 264 483 -249 -927 -305 231 246 -708 -680 -976 -862 -42 -835 64 675 875 499 363 -600 683 -698 540 -138 548 -513 -741
340 516 -420 917 827 253 723 299 -870 -419 350 998 1 420 792 706 932 -210 -912 263 504 402 545 838 598 594 826 -374 511 -966 615 -675 -391 -101 164 -110 300 287 -86 603 957 112 -239 -886 -87 82 584 -334 -544 -135 438 848 179 879 -791 -411 -174
-144 -186 443 -899 -500 114 184 -717 395 -773 153 441 -306 746 687 296 438 459 -441 354 498 -568 -22 12 426 731 -970 231 -930 -654 138 132 613 92 -101 -953 -199 -23 -707 -931 798 565 -648 -43 667 249 -43 131 -790 422 -724 425 -252 478 -190 -439
932 44 581 876 611 -98 19 421 -337 -818 527 967 -836 -727 -153 826 316 50 287 -586 684 471 -573 218 -442 -545 114 995 619 -388 845 794 -932 -242 -342 -408 -66 -747 518 120 -861 -867 281 -172 113 -216 246 -127 778 -723 998 -516 -899 -969 777
-162 210 -157 -579 594 -411 361 -961 811 -915 -262 -661 362 968 -271 -834 -982 -825 126 -686 662 449 189 -227 -492 -400 -365 518 -975 -472 -332 -41 -798 716 9 -814 163 -932 542 -740 296 977 84 -413 -930 -344 -603 921 429 548 -926 149 -790 -604
-15 -816 486 -859 354 360 66 761 399 -750 -85 -398 982 -536 -931 -546 700 361 -355 -442 -9 81 651 -734 -256 743 -360 898 -835 -564 602 -359 -160 891 251 -468 252 -375 129 635 -952 -215 -60 410 -56 59 844 473 -186 -11 540 35 -974
533 441 -846 932 791 35 418 -589 940 -450 -834 -909 153 833 776 -89 -106 -161 -934 -668 -358 485 -886 542 546 671 281 -351 -605 759 375 713 776 918 -662 962 -106 -294 64 395 708 242 750 -96 25 -595 -383 -215 439 169 184 -103
661 -829 864 416 822 -947 -955 212 -927 -320 538 -618 839 361 -900 885 -848 -852 -192 -472 -168 483 764 551 7 -688 827 -941 -913 -420 220 918 684 -460 -949 227 -961 -207 -932 847 -288 533 836 825 -27 -889 -141 -97 401 472 348
-560 494 840 154 -508 413 126 631 -158 -962 -662 862 47 687 -802 -140 739 -290 484 -244 -73 -323 -202 64 283 445 -519 88 2 -75 204 -67 918 -356 774 496 91 241 666 99 279 763 62 -423 -246 178 -845 110 817 739
818 -809 325 -199 676 698 -971 738 -670 295 -486 -690 -769 -7 358 626 -385 -321 499 -832 825 -48 -834 566 282 19 7 536 -389 995 32 -123 -615 -927 -372 702 -117 -475 -602 173 -624 967 -709 -4 -302 -274 -381 419 136
79 -312 -108 733 581 70 620 -725 144 -841 348 668 -672 -275 -791 -137 304 305 -101 -90 -362 68 -973 -647 -275 774 294 372 158 -722 53 -539 955 910 -189 -446 718 -43 -682 764 -162 432 -369 -269 -421 -873 558 -504
363 390 -360 -740 -998 -1 -103 394 621 531 940 308 -203 910 675 -566 -230 704 181 -950 267 -268 472 -648 -17 526 843 794 -574 -629 -797 -76 531 -375 261 25 130 28 159 583 -585 -318 -984 -673 -573 924 812
-980 -120 689 -623 -725 57 -865 -324 -868 803 746 -971 12 312 -310 -114 810 794 -551 380 693 -782 -137 175 -623 -774 -640 320 -65 689 -777 -756 816 -361 771 -724 479 -909 447 681 -690 800 348 839 266 -65
918 571 -354 349 -971 924 913 52 -376 650 273 -567 -483 287 171 535 -135 -538 909 -849 -979 -817 -538 -23 -98 -685 -520 754 -703 -780 430 -87 289 -101 -380 -390 -780 -765 -726 75 931 -462 381 810 -79
-389 435 -381 -836 -595 776 401 -919 933 188 919 -740 57 -325 -594 411 -800 -81 32 858 570 -93 190 649 -418 -458 -627 988 14 179 8 344 430 -136 785 -872 -594 -539 289 957 41 -211 673 -322
-417 870 706 188 738 -383 267 -679 294 -73 -876 323 -244 803 942 990 19 -36 87 141 -108 422 930 308 601 -179 534 273 820 -862 -198 679 134 -745 -85 0 674 -511 771 910 18 -72 946
104 970 -802 814 922 436 -454 715 273 324 176 866 -140 -399 340 -797 -87 991 -510 -427 -874 -928 606 744 733 991 -407 483 -579 -628 -208 -26 363 546 -743 -684 886 901 -924 728 301 544
558 -411 -189 347 62 426 -896 -782 -708 920 -688 -934 -580 -12 368 -164 989 -577 536 284 -584 -146 -793 -885 -996 359 639 -613 466 -86 -384 849 893 192 405 922 416 487 405 587 338
576 -552 -617 415 118 -180 740 -269 852 585 -932 -396 -209 868 301 992 417 -417 -511 676 -952 50 -468 -843 840 714 697 -421 71 -536 29 -189 543 -803 -484 -815 199 358 -402 -259
-133 361 -678 -569 -578 161 504 584 458 607 -526 -511 974 -914 852 868 985 562 -605 -714 254 -463 278 275 -951 -726 -862 -942 8 786 840 -920 -912 -676 -810 -774 474 395 661
-635 442 -91 -424 -999 -722 218 222 -396 -952 759 56 -776 848 186 880 202 -60 -458 -72 -821 -126 -837 769 859 981 820 -859 -937 740 884 -173 994 -914 -193 -509 220 -621
-148 533 -977 -936 674 -527 95 -812 -783 814 589 -494 -75 -529 -482 794 306 -743 -527 -376 -801 -397 -929 -880 -134 -534 86 -135 -516 -39 -933 -455 -539 -331 248 -871 -505
-516 438 852 -717 -891 -704 -544 -483 296 -484 -197 36 795 119 -503 -611 152 610 -728 239 -225 -710 640 -160 842 -563 -934 669 -916 -817 53 232 -729 611 -806 620
-6 703 -890 -109 297 -414 834 502 67 -504 -957 -952 873 490 484 -639 334 -256 -197 -988 99 996 456 -970 -805 658 -913 938 -833 -723 -970 -723 -198 729 117
-895 -603 162 398 817 -649 -621 804 595 495 -773 346 184 -248 -614 -948 93 393 -625 -689 933 300 171 -330 979 543 243 348 387 -439 -141 249 316 -758
-213 491 469 460 989 -686 859 -898 800 -688 -285 -920 -311 588 755 296 -370 815 24 -379 -969 -442 913 381 -139 933 990 861 917 -497 465 -329 191
-730 834 112 -3 -109 -463 534 834 -15 697 -228 903 171 -932 -98 763 -438 -143 -662 -872 280 -625 -259 128 -292 -306 -390 -514 663 445 347 -619
793 627 -510 -334 -117 154 -144 863 -492 506 859 -15 6 -455 -230 986 281 387 950 283 88 -797 -332 -271 -313 -954 -773 -941 -919 -47 909
-213 -824 -646 19 -704 16 -88 972 782 -916 198 -993 -202 11 -974 -612 -241 609 247 863 -999 761 470 472 -787 502 -408 335 672 -219
419 -195 -848 -755 -249 -341 113 972 77 999 -735 -397 -356 -597 -12 967 -393 994 -930 56 883 -938 655 60 550 -913 -699 535 -551
-947 -288 -587 518 -414 -943 -464 475 776 -996 -549 997 -447 -759 -519 -275 -909 -785 994 -756 880 -475 285 -562 -288 -776 567 759
-961 129 551 757 -894 594 763 135 861 -71 825 401 493 835 48 -285 344 -620 570 517 913 -276 441 158 795 816 -213
-920 -834 -847 385 -461 -552 509 990 88 348 881 -788 -296 641 350 -113 -232 539 829 813 -159 620 447 -286 -99 792
-19 97 -735 378 -34 -959 -100 -817 -778 637 657 -881 -28 189 441 966 -853 70 710 -419 415 -516 358 163 900
-356 -497 -131 -853 -277 -640 156 545 -458 -583 -75 -600 483 464 258 539 -743 -249 793 419 865 -850 451 -841
193 -282 -702 -743 838 871 859 762 263 -230 -668 33 -533 -343 637 -340 530 503 -183 382 786 -496 -389
-807 -329 -758 -616 392 467 721 -180 -790 -365 -803 998 292 608 425 -1000 -662 -321 667 838 -855 -374
-534 -311 982 -258 719 479 139 -485 -524 -413 -628 -732 -728 -136 776 67 -872 109 412 677 -568
-316 -778 -120 -920 -1000 -39 -442 -113 458 237 454 278 -337 -117 -277 682 830 -573 400 -805
-95 -339 685 -135 520 -728 142 -161 -124 -474 661 167 -447 10 -316 -670 206 377 -529
-545 -240 -17 556 282 745 406 -832 -331 417 -516 -302 -1000 -564 84 565 -262 -279
-653 784 346 465 589 -201 -627 162 -144 -148 -621 -382 -34 -237 -920 -382 -134
-944 -865 522 -785 -320 -142 -943 -134 -469 805 455 834 -934 -500 428 470
-257 738 743 -722 137 -224 -911 -453 -334 -710 -546 -609 819 32 738
-841 576 -77 -615 -817 -65 522 -553 376 69 -455 -823 595 802
-202 -880 -486 -586 -929 -398 378 -408 258 982 -712 -776 222
-457 188 -592 -29 426 -644 -225 -192 672 746 93 -575
-291 268 907 492 766 827 -108 363 33 325 -831
-215 -396 -351 882 702 -711 -664 -370 -636 -558
115 390 -698 927 688 -880 -193 384 -506
-713 400 -424 -579 -874 754 542 -227
662 -455 -567 -904 -92 198 -117
-491 -879 271 -913 946 929
442 -350 271 -789 542
328 -808 -219 366
196 108 590
-155 462
859
