50
25 25 25 25 25 25 25 25 25 25 25 25 25 25 25 25 25 25 25 25 25 25 25 25 25 25 25 25 25 25 25 25 25 25 25 25 25 25 25 25 25 25 25 25 25 25 25 25 25 25
1 2 4 5 7 10 12 15 16 18 20 21 22 23 25 27 29 32 37 38 39 42 43 44 46
2 3 5 6 7 8 12 13 15 16 17 20 21 22 24 27 28 29 33 35 37 40 43 44 47
2 9 13 14 17 18 20 21 22 23 25 29 31 32 33 35 37 38 39 41 42 43 44 46 47
2 3 4 7 9 10 12 17 18 19 20 24 25 26 27 28 30 32 34 36 37 39 47 48 49
1 5 6 7 9 11 19 23 27 28 29 30 31 32 34 35 37 38 39 41 43 44 47 49 50
1 8 10 12 14 17 18 19 20 22 23 24 25 26 27 30 33 36 38 40 42 44 46 49 50
1 2 3 4 8 9 10 13 18 20 24 25 27 29 32 34 35 38 39 40 41 44 45 46 50
2 3 6 10 11 13 14 15 16 17 19 21 23 27 28 30 32 33 36 37 38 42 43 44 45
2 4 10 11 13 14 15 17 18 22 24 25 26 28 29 30 32 33 35 37 38 39 40 43 50
1 2 3 4 8 10 17 20 24 26 27 30 31 33 35 37 38 39 40 41 43 45 46 47 50
2 3 6 8 10 14 15 16 17 22 23 24 25 27 28 29 31 32 34 35 38 43 45 47 48
2 4 5 7 8 9 10 11 14 15 16 20 23 24 25 26 27 29 38 39 41 42 44 46 47
2 4 7 8 10 12 13 16 20 22 23 24 26 27 28 29 32 33 37 38 39 40 43 46 50
1 2 3 5 6 7 8 9 10 11 14 18 19 21 23 24 26 30 31 35 37 39 44 47 48
2 3 4 8 9 12 13 16 17 18 19 20 24 25 28 29 30 31 32 33 34 37 41 42 49
1 2 6 7 14 17 18 19 22 24 26 27 28 29 30 32 35 36 38 43 44 45 46 49 50
1 4 5 9 10 11 15 19 20 22 24 26 28 29 30 32 35 36 37 39 41 42 44 46 48
1 3 6 7 8 9 12 16 17 19 20 24 26 28 29 33 35 37 38 39 40 44 47 48 50
2 5 6 10 14 15 17 18 19 22 24 25 27 30 33 34 35 36 38 39 41 46 47 48 49
1 4 6 7 15 17 18 19 23 24 25 26 29 31 32 35 36 37 38 39 40 42 44 47 50
1 2 3 5 8 9 10 12 16 17 22 23 25 26 28 30 31 35 36 37 38 40 47 48 49
1 5 6 9 10 11 12 13 14 18 22 24 27 30 31 33 35 36 41 43 45 46 47 48 50
2 3 4 8 9 10 15 16 21 22 23 28 30 32 33 34 36 37 38 40 41 45 47 48 50
1 3 4 5 9 13 14 17 18 20 22 23 27 29 30 32 33 35 36 38 41 42 44 48 49
1 3 4 5 6 7 9 10 16 18 20 28 29 30 32 34 35 36 38 39 42 43 48 49 50
1 6 10 11 12 15 17 18 19 20 21 22 23 24 28 29 30 31 35 39 41 43 44 46 48
4 6 7 8 9 12 13 14 15 16 17 18 20 23 25 27 28 29 32 34 36 39 41 46 49
1 6 7 8 10 11 12 13 17 20 21 25 26 30 31 32 33 34 36 41 44 45 46 47 50
1 2 3 5 7 8 10 14 16 18 19 20 21 22 23 24 25 29 31 34 38 40 44 49 50
1 2 4 5 6 9 10 13 19 22 25 27 28 29 30 32 37 40 41 43 44 45 46 48 49
1 2 7 9 11 13 15 18 19 20 21 25 28 32 34 35 37 38 41 44 45 46 47 49 50
4 5 6 7 8 10 11 12 13 15 16 25 26 27 28 34 36 37 38 39 43 44 45 47 48
1 2 4 6 7 9 11 15 16 19 20 22 23 26 27 28 30 31 32 33 37 42 43 47 49
2 5 7 11 12 13 15 16 20 21 23 26 27 28 31 32 33 35 36 39 40 43 44 46 48
1 2 6 7 8 11 13 16 18 20 21 22 24 27 30 31 33 34 37 40 41 43 46 48 49
2 3 4 6 7 8 9 10 12 13 14 16 17 18 20 21 24 29 30 36 37 39 40 48 49
1 2 3 8 10 11 14 18 20 22 23 26 27 30 32 33 34 36 37 40 42 46 47 48 49
1 2 7 8 10 12 18 19 21 22 23 25 26 27 29 30 33 36 38 41 44 46 48 49 50
1 2 3 4 5 8 11 12 14 16 17 20 21 24 26 27 28 29 32 36 40 41 45 49 50
1 5 6 7 9 10 11 13 17 18 21 22 23 24 25 30 35 36 39 40 43 46 47 48 49
2 3 4 6 7 9 10 11 13 14 19 21 22 25 26 28 29 33 36 37 38 39 45 47 48
1 2 5 12 13 17 18 19 20 22 24 26 28 32 33 34 35 37 40 42 44 47 48 49 50
2 3 7 8 10 11 13 15 17 19 20 21 23 25 34 38 39 40 43 44 45 46 47 48 49
2 3 7 10 11 12 14 16 18 19 21 25 29 30 31 34 36 38 41 42 44 45 46 47 49
1 2 3 4 10 11 13 16 18 19 20 22 25 27 29 30 36 37 40 41 43 45 46 47 50
3 4 7 9 12 16 18 24 27 28 29 30 31 32 33 34 38 39 42 43 44 47 48 49 50
2 4 6 8 12 13 15 16 17 18 19 20 21 23 26 27 29 30 34 37 42 43 46 47 48
1 2 5 9 10 13 15 17 19 20 22 28 30 31 32 37 38 39 42 43 44 45 46 47 48
1 4 6 7 10 15 16 19 25 27 28 29 32 33 34 36 38 41 43 44 45 47 48 49 50
3 5 8 10 12 13 15 17 18 20 21 23 25 26 28 32 33 34 37 39 41 44 45 47 49
492 -875 -748 -141 -212 449 -875 580 -836 -336 -368 878 -286 -832 -848 -723 -504 -223 744 -905 -370 425 579 -817 -66 682 -134 -177 104 -193 763 322 226 -514 -340 -814 -668 718 -990 -203 377 30 61 -623 -312 25 481 281 462 211
100 -471 729 -231 656 733 -949 -122 -689 -776 184 -796 -956 -559 674 425 371 953 -453 -538 -171 407 -92 -782 -152 -392 -83 577 -780 159 -668 246 -195 424 -781 272 -222 893 117 -146 -43 -215 687 -980 -888 269 -752 -800 -893
776 86 205 -295 -301 727 175 -984 861 -316 578 -477 -602 -139 441 794 -161 166 227 549 495 292 -791 6 147 98 -828 420 492 -680 811 -66 -956 -582 72 -649 -441 -481 -844 57 269 81 602 967 900 883 797 741
-112 326 -719 374 -681 299 289 -422 651 -464 115 -602 409 -163 -253 76 -514 -377 -66 52 -774 -443 -977 -610 519 -493 -998 311 -164 -285 292 -215 929 -964 -4 120 746 722 801 -765 947 -61 4 269 421 384 146
541 53 -990 -526 -964 -407 801 -781 -187 -869 -626 -525 500 -960 542 231 686 -228 197 -551 97 -102 134 301 386 -888 607 -861 137 -639 -682 -363 370 -873 936 564 934 71 -405 -663 495 -952 258 871 -982 454
614 -197 563 -123 722 -912 939 26 850 752 394 -40 585 -707 -969 -444 74 538 105 593 -567 933 -958 -699 232 -346 -378 430 -200 -18 -662 364 -518 147 -531 179 -892 335 417 143 772 -727 -744 269 323
31 -807 563 240 -511 30 -242 -147 -745 531 -865 551 -331 218 92 44 58 -514 632 407 134 326 -767 -921 -331 -528 -298 -679 880 -356 140 -163 -763 -806 -789 -462 831 -932 291 152 159 722 915 -256
233 776 -29 326 -211 -92 676 133 -19 249 -405 -133 909 -432 153 -778 -328 428 -131 927 -982 905 228 -759 141 -905 -847 557 -518 557 797 -77 207 -695 -434 104 705 -299 -528 785 425 -517 407
314 -693 417 743 -560 43 647 -856 553 472 -114 199 -64 369 206 480 933 433 854 -958 444 -383 521 32 -241 65 843 879 806 724 -885 -977 -669 869 838 -871 -762 -433 534 436 -432 319
115 -144 469 -436 747 711 -771 -601 867 -974 -393 763 967 266 292 782 963 -972 -831 -324 469 -837 -383 -76 112 671 97 -992 -99 -114 541 806 410 -615 -268 720 266 -692 865 938 -773
923 -763 220 97 417 807 -711 -987 230 597 -126 -435 643 315 -730 831 380 88 -380 -660 -776 -790 800 326 -994 619 294 731 10 -424 657 -126 -694 -343 -812 626 788 -873 -929 48
627 259 976 -345 698 -753 -368 37 671 269 341 -709 -276 -933 469 -19 -631 -612 -286 -791 -493 -450 -197 -744 753 -699 -701 -954 -548 284 244 891 663 627 -991 864 -707 -400 166
-854 -386 -664 -283 -171 928 -956 -519 388 -297 419 388 2 338 -647 -133 -111 -879 472 722 -856 -535 -367 -481 895 -1000 -739 -961 -875 437 -14 -430 -974 -529 957 657 816 258
971 303 461 -248 -963 -505 724 -35 540 161 -545 383 -952 -259 37 686 433 931 57 -990 -496 519 -207 -592 356 -868 491 861 198 243 307 596 -293 788 289 307 949
946 495 826 -110 -434 618 698 -644 489 -153 570 -561 207 -342 680 993 635 732 394 792 -15 -758 828 -176 -145 -440 -841 -751 -811 -265 -957 508 263 -692 951 836
582 -620 -390 -57 -121 806 -429 636 350 295 -826 84 433 -785 -738 851 -230 396 297 -748 55 -40 597 845 750 -662 -927 559 370 73 926 275 959 269 514
-737 224 351 898 -94 -854 -170 172 -486 -720 35 -241 180 286 483 -889 -818 -245 -709 729 212 977 -771 553 -807 -117 728 755 -320 316 517 900 132 395
234 -32 660 297 -346 -309 328 -942 430 748 747 -283 -44 398 -216 -476 540 -43 -517 218 -489 11 433 -44 561 -701 242 175 339 -916 -392 -4 -725
758 430 654 711 -818 132 -107 -123 649 -700 -655 499 448 682 -292 399 547 -816 -538 567 -557 249 29 -721 -575 770 -954 -837 -530 -662 -886 -567
196 744 -474 -971 -791 -735 -913 -848 -708 646 -535 -883 218 270 688 297 -540 78 -349 -892 224 482 823 379 -327 -999 -736 -656 343 676 721
625 -328 219 -857 -875 363 444 649 396 -591 556 459 370 516 -368 737 -916 849 -896 508 -484 -588 197 344 -811 -144 31 694 607 302
-56 -190 801 -672 382 -781 789 411 -7 395 -299 -811 896 -490 -832 429 491 -15 -587 649 477 -589 850 928 -76 979 -612 -777 -420
874 -775 -963 598 16 -584 72 913 288 950 778 789 851 809 -640 -398 888 712 -375 -537 -187 -882 -418 451 -535 547 -531 -460
155 105 355 -927 345 -448 6 907 53 -428 904 -363 20 76 -452 941 400 -569 -468 -966 354 55 890 340 -184 -859 -792
-364 113 974 -282 295 -330 -647 -595 19 -837 -440 764 585 817 110 -876 -419 -828 687 -811 -181 720 -638 419 522 389
-938 500 367 974 238 -307 618 873 690 -682 354 -903 -598 79 718 559 277 -873 961 352 -537 -185 -606 56 651
-835 -867 86 27 782 -412 -852 878 -753 672 -690 662 -612 -226 615 -55 469 -517 -254 -235 -859 164 797 904
-858 172 -479 -948 -53 824 284 -20 -67 958 -123 -456 957 -67 -270 -216 -408 270 247 68 535 116 -831
663 -338 934 -139 573 -534 -960 -765 -578 771 739 736 639 -140 -597 866 -645 -671 388 150 -11 -655
381 803 201 -126 -904 299 610 890 -356 197 -251 -908 -573 760 955 -430 -818 -814 -937 473 178
716 -544 -979 -523 747 576 -543 -622 76 -287 -930 -949 84 307 -779 228 -376 -376 126 995
-932 -343 -115 -642 -30 -722 323 720 238 971 -263 847 -736 878 415 288 382 410 482
-801 954 -49 155 -638 -733 -535 -654 -164 230 679 -816 -75 930 662 937 -445 916
985 272 714 -492 -792 184 711 206 -141 -115 62 231 -363 -23 -467 -228 742
663 -792 -114 808 -501 -641 896 846 -66 570 -883 780 603 558 -900 229
488 -409 -445 731 -376 836 -778 -234 314 532 218 -221 -797 763 52
261 637 791 664 -725 7 -534 705 -587 -771 -59 52 685 -921
442 -873 977 300 -818 622 -308 -868 521 -40 -168 803 -456
-144 788 -370 -742 -364 977 946 -933 -671 -507 -943 -587
58 270 797 -989 467 -235 -671 -189 977 -984 -937
334 469 400 -74 -813 478 -815 -891 -632 -107
582 135 838 -772 340 -8 630 149 442
87 -92 605 -937 -962 525 134 213
-601 -90 642 -770 509 524 -597
-244 72 -687 -668 -109 -399
-28 -712 -59 555 -248
348 400 977 56
313 911 -726
-637 -800
-190
