25
12 12 12 12 12 12 12 12 12 12 12 12 12 12 12 12 12 12 12 12 12 12 12 12 12
3 5 7 9 10 11 15 17 19 23 24 25
3 5 8 9 12 13 14 17 18 21 22 23
3 4 6 7 8 9 12 14 15 18 19 20
1 2 4 7 12 13 16 17 18 20 23 25
1 2 7 11 13 14 16 18 20 22 23 24
3 4 7 8 14 15 18 19 21 23 24 25
4 6 7 12 13 14 16 17 18 23 24 25
1 2 4 5 6 8 9 13 17 21 23 25
1 3 4 5 6 10 15 16 17 20 22 25
1 2 4 6 14 15 16 18 19 20 23 25
1 4 5 6 11 14 16 17 18 21 23 25
1 3 5 6 7 8 9 10 14 15 16 19
1 5 6 7 9 11 12 14 15 16 23 25
1 2 5 9 11 12 13 14 15 21 24 25
1 3 4 7 10 12 13 16 19 21 23 24
2 10 13 14 15 16 17 19 21 22 24 25
1 2 6 7 10 12 13 16 17 21 22 24
1 4 5 6 8 11 13 14 15 16 17 25
1 2 3 4 5 11 14 15 18 23 24 25
5 9 11 12 13 14 16 19 20 21 23 24
2 4 5 7 8 9 10 12 16 21 24 25
1 2 3 4 10 11 12 13 17 18 20 22
1 2 3 4 9 15 16 17 21 22 23 24
2 4 6 7 10 12 15 16 17 18 23 25
3 4 6 7 9 10 12 13 14 16 21 22
264 176 231 -795 841 136 483 755 -810 325 741 222 367 148 232 513 -111 -709 312 -64 -569 231 -46 -8 609
-215 -834 837 -22 -562 700 -33 807 -348 442 -959 519 545 -452 -341 -363 -702 446 524 -133 611 -605 -156 -509
-40 -755 513 926 71 935 -545 658 652 -361 550 405 -483 -66 -408 -303 425 -766 582 134 704 -444 350
-750 609 -627 -240 847 23 874 -377 -966 652 458 -343 -596 857 666 926 -776 581 -900 911 543 -589
-798 -868 445 770 -908 -398 -444 166 -94 -762 858 572 670 432 461 -571 -15 333 -968 -31 -668
518 -918 -156 771 -796 355 863 595 630 735 -830 -996 1 543 377 774 -945 556 875 -23
840 433 860 886 451 -834 461 17 390 -668 -333 -289 775 174 -545 703 659 -659 181
995 199 -458 -17 460 475 791 -870 -83 102 210 -851 -55 -242 -59 -602 -340 -937
588 -289 78 625 322 192 214 374 578 960 -993 984 -292 -419 783 408 39
877 -778 522 935 2 7 96 55 -633 -575 534 840 -260 994 -696 -495
-677 -705 920 -44 7 619 92 344 666 -157 -68 392 -659 618 801
-538 -12 -33 -196 77 479 -86 802 177 -597 -334 577 990 -265
-210 -659 775 712 117 -640 -484 832 244 216 579 -234 42
148 974 201 -853 -257 -66 222 -423 18 892 -240 214
802 772 -491 -704 -639 -819 -945 212 936 -813 839
47 -140 -133 942 -528 -524 -220 -440 -937 43
799 119 -917 801 -477 -351 155 101 739
-529 503 764 -870 -807 -849 -366 -597
-868 744 590 -642 -871 -577 308
249 -792 -321 -535 -266 -779
-719 -888 566 434 -341
947 570 -651 -566
619 715 -187
511 480
400
